timestamp,trafficSignal,numberOfCars,totalNumberOfCars
1557566496,0,71351,71351
1557566496,1,72962,144313
1557566496,2,49590,193903
1557566496,3,10994,204897
1557566496,4,86493,291390
1557566496,5,15543,306933
1557566496,6,74736,381669
1557566496,7,82540,464209
1557566496,8,70973,535182
1557566496,9,75448,610630
1557566796,0,42654,653284
1557566796,1,2049,655333
1557566796,2,23701,679034
1557566796,3,99811,778845
1557566796,4,81046,859891
1557566796,5,97605,957496
1557566796,6,90359,1047855
1557566796,7,40617,1088472
1557566796,8,52367,1140839
1557566796,9,12888,1153727
1557567096,0,16120,1169847
1557567096,1,66257,1236104
1557567096,2,91790,1327894
1557567096,3,53666,1381560
1557567096,4,99602,1481162
1557567096,5,42235,1523397
1557567096,6,38922,1562319
1557567096,7,78070,1640389
1557567096,8,31062,1671451
1557567096,9,96901,1768352
1557567396,0,32502,1800854
1557567396,1,87306,1888160
1557567396,2,61742,1949902
1557567396,3,36028,1985930
1557567396,4,91718,2077648
1557567396,5,69652,2147300
1557567396,6,1973,2149273
1557567396,7,52415,2201688
1557567396,8,79040,2280728
1557567396,9,99268,2379996
1557567696,0,13116,2393112
1557567696,1,16277,2409389
1557567696,2,84773,2494162
1557567696,3,47059,2541221
1557567696,4,62703,2603924
1557567696,5,72147,2676071
1557567696,6,34150,2710221
1557567696,7,58195,2768416
1557567696,8,58627,2827043
1557567696,9,67142,2894185
1557567996,0,83433,2977618
1557567996,1,4660,2982278
1557567996,2,39052,3021330
1557567996,3,20159,3041489
1557567996,4,83489,3124978
1557567996,5,98066,3223044
1557567996,6,49832,3272876
1557567996,7,9399,3282275
1557567996,8,99940,3382215
1557567996,9,81285,3463500
1557568296,0,40602,3504102
1557568296,1,95197,3599299
1557568296,2,49873,3649172
1557568296,3,65567,3714739
1557568296,4,68225,3782964
1557568296,5,70570,3853534
1557568296,6,16821,3870355
1557568296,7,23796,3894151
1557568296,8,39785,3933936
1557568296,9,61771,3995707
1557568596,0,19486,4015193
1557568596,1,13309,4028502
1557568596,2,70702,4099204
1557568596,3,48394,4147598
1557568596,4,48427,4196025
1557568596,5,9209,4205234
1557568596,6,3782,4209016
1557568596,7,95905,4304921
1557568596,8,47457,4352378
1557568596,9,64559,4416937
1557568896,0,91192,4508129
1557568896,1,1414,4509543
1557568896,2,43970,4553513
1557568896,3,68732,4622245
1557568896,4,33544,4655789
1557568896,5,31683,4687472
1557568896,6,76751,4764223
1557568896,7,4441,4768664
1557568896,8,67512,4836176
1557568896,9,93850,4930026
1557569196,0,48441,4978467
1557569196,1,80999,5059466
1557569196,2,29112,5088578
1557569196,3,81651,5170229
1557569196,4,36502,5206731
1557569196,5,19997,5226728
1557569196,6,43440,5270168
1557569196,7,67293,5337461
1557569196,8,9084,5346545
1557569196,9,41919,5388464
1557569496,0,42714,5431178
1557569496,1,16230,5447408
1557569496,2,61906,5509314
1557569496,3,45410,5554724
1557569496,4,85392,5640116
1557569496,5,28169,5668285
1557569496,6,76404,5744689
1557569496,7,57491,5802180
1557569496,8,34957,5837137
1557569496,9,36863,5874000
1557569796,0,2700,5876700
1557569796,1,78656,5955356
1557569796,2,47526,6002882
1557569796,3,422,6003304
1557569796,4,26843,6030147
1557569796,5,11594,6041741
1557569796,6,45677,6087418
1557569796,7,74138,6161556
1557569796,8,24324,6185880
1557569796,9,27401,6213281
1557570096,0,5595,6218876
1557570096,1,69437,6288313
1557570096,2,48838,6337151
1557570096,3,95223,6432374
1557570096,4,44898,6477272
1557570096,5,37905,6515177
1557570096,6,76573,6591750
1557570096,7,1722,6593472
1557570096,8,91743,6685215
1557570096,9,50492,6735707
1557570396,0,94104,6829811
1557570396,1,99874,6929685
1557570396,2,43468,6973153
1557570396,3,51558,7024711
1557570396,4,8790,7033501
1557570396,5,9142,7042643
1557570396,6,51354,7093997
1557570396,7,51473,7145470
1557570396,8,84934,7230404
1557570396,9,50344,7280748
1557570696,0,10053,7290801
1557570696,1,48301,7339102
1557570696,2,11221,7350323
1557570696,3,90799,7441122
1557570696,4,45297,7486419
1557570696,5,45436,7531855
1557570696,6,71227,7603082
1557570696,7,28362,7631444
1557570696,8,41804,7673248
1557570696,9,83871,7757119
1557570996,0,17914,7775033
1557570996,1,49808,7824841
1557570996,2,66126,7890967
1557570996,3,17506,7908473
1557570996,4,25576,7934049
1557570996,5,91984,8026033
1557570996,6,23468,8049501
1557570996,7,36163,8085664
1557570996,8,66043,8151707
1557570996,9,33894,8185601
1557571296,0,90411,8276012
1557571296,1,9965,8285977
1557571296,2,37420,8323397
1557571296,3,11506,8334903
1557571296,4,69095,8403998
1557571296,5,96075,8500073
1557571296,6,89219,8589292
1557571296,7,52080,8641372
1557571296,8,43907,8685279
1557571296,9,7733,8693012
1557571596,0,70143,8763155
1557571596,1,81534,8844689
1557571596,2,44042,8888731
1557571596,3,26570,8915301
1557571596,4,85758,9001059
1557571596,5,31653,9032712
1557571596,6,64459,9097171
1557571596,7,22164,9119335
1557571596,8,47942,9167277
1557571596,9,47765,9215042
1557571896,0,2795,9217837
1557571896,1,76439,9294276
1557571896,2,67816,9362092
1557571896,3,76795,9438887
1557571896,4,98291,9537178
1557571896,5,32365,9569543
1557571896,6,85550,9655093
1557571896,7,48350,9703443
1557571896,8,84263,9787706
1557571896,9,80090,9867796
1557572196,0,42360,9910156
1557572196,1,96099,10006255
1557572196,2,98305,10104560
1557572196,3,38606,10143166
1557572196,4,1008,10144174
1557572196,5,19435,10163609
1557572196,6,51910,10215519
1557572196,7,79045,10294564
1557572196,8,14936,10309500
1557572196,9,36088,10345588
1557572496,0,40110,10385698
1557572496,1,1523,10387221
1557572496,2,97348,10484569
1557572496,3,66331,10550900
1557572496,4,23311,10574211
1557572496,5,1060,10575271
1557572496,6,81230,10656501
1557572496,7,3307,10659808
1557572496,8,75620,10735428
1557572496,9,49036,10784464
1557572796,0,75546,10860010
1557572796,1,93629,10953639
1557572796,2,14563,10968202
1557572796,3,8109,10976311
1557572796,4,78417,11054728
1557572796,5,93352,11148080
1557572796,6,62351,11210431
1557572796,7,28667,11239098
1557572796,8,64314,11303412
1557572796,9,42348,11345760
1557573096,0,38078,11383838
1557573096,1,32894,11416732
1557573096,2,70114,11486846
1557573096,3,59770,11546616
1557573096,4,14227,11560843
1557573096,5,65498,11626341
1557573096,6,22296,11648637
1557573096,7,58836,11707473
1557573096,8,77284,11784757
1557573096,9,32966,11817723
1557573396,0,14483,11832206
1557573396,1,55831,11888037
1557573396,2,72028,11960065
1557573396,3,24687,11984752
1557573396,4,92880,12077632
1557573396,5,69360,12146992
1557573396,6,29899,12176891
1557573396,7,165,12177056
1557573396,8,69574,12246630
1557573396,9,99652,12346282
1557573696,0,86461,12432743
1557573696,1,64688,12497431
1557573696,2,72107,12569538
1557573696,3,861,12570399
1557573696,4,11761,12582160
1557573696,5,48474,12630634
1557573696,6,22571,12653205
1557573696,7,92347,12745552
1557573696,8,39766,12785318
1557573696,9,92870,12878188
1557573996,0,3528,12881716
1557573996,1,7252,12888968
1557573996,2,43202,12932170
1557573996,3,48697,12980867
1557573996,4,85614,13066481
1557573996,5,94871,13161352
1557573996,6,29392,13190744
1557573996,7,15504,13206248
1557573996,8,69639,13275887
1557573996,9,8934,13284821
1557574296,0,55092,13339913
1557574296,1,43272,13383185
1557574296,2,70816,13454001
1557574296,3,47303,13501304
1557574296,4,55797,13557101
1557574296,5,66632,13623733
1557574296,6,46497,13670230
1557574296,7,98582,13768812
1557574296,8,59098,13827910
1557574296,9,62278,13890188
1557574596,0,64515,13954703
1557574596,1,36002,13990705
1557574596,2,79469,14070174
1557574596,3,26970,14097144
1557574596,4,3991,14101135
1557574596,5,22086,14123221
1557574596,6,83632,14206853
1557574596,7,35004,14241857
1557574596,8,72877,14314734
1557574596,9,18500,14333234
1557574896,0,913,14334147
1557574896,1,81003,14415150
1557574896,2,24900,14440050
1557574896,3,9852,14449902
1557574896,4,61420,14511322
1557574896,5,85832,14597154
1557574896,6,32284,14629438
1557574896,7,33725,14663163
1557574896,8,55464,14718627
1557574896,9,28422,14747049
1557575196,0,56977,14804026
1557575196,1,71576,14875602
1557575196,2,18223,14893825
1557575196,3,66948,14960773
1557575196,4,68485,15029258
1557575196,5,78112,15107370
1557575196,6,57909,15165279
1557575196,7,72061,15237340
1557575196,8,35790,15273130
1557575196,9,69534,15342664
1557575496,0,81247,15423911
1557575496,1,23762,15447673
1557575496,2,80956,15528629
1557575496,3,62663,15591292
1557575496,4,96680,15687972
1557575496,5,94189,15782161
1557575496,6,67065,15849226
1557575496,7,30000,15879226
1557575496,8,13956,15893182
1557575496,9,71097,15964279
1557575796,0,97483,16061762
1557575796,1,46505,16108267
1557575796,2,3242,16111509
1557575796,3,78903,16190412
1557575796,4,79715,16270127
1557575796,5,46236,16316363
1557575796,6,15488,16331851
1557575796,7,21511,16353362
1557575796,8,67158,16420520
1557575796,9,26312,16446832
1557576096,0,86669,16533501
1557576096,1,37869,16571370
1557576096,2,40819,16612189
1557576096,3,44475,16656664
1557576096,4,81905,16738569
1557576096,5,5957,16744526
1557576096,6,68785,16813311
1557576096,7,90290,16903601
1557576096,8,33984,16937585
1557576096,9,64632,17002217
1557576396,0,68167,17070384
1557576396,1,38892,17109276
1557576396,2,13730,17123006
1557576396,3,85889,17208895
1557576396,4,2746,17211641
1557576396,5,23960,17235601
1557576396,6,64065,17299666
1557576396,7,5114,17304780
1557576396,8,96306,17401086
1557576396,9,76033,17477119
1557576696,0,13045,17490164
1557576696,1,63205,17553369
1557576696,2,1305,17554674
1557576696,3,93393,17648067
1557576696,4,9046,17657113
1557576696,5,62686,17719799
1557576696,6,46152,17765951
1557576696,7,22170,17788121
1557576696,8,85922,17874043
1557576696,9,12558,17886601
1557576996,0,34703,17921304
1557576996,1,17045,17938349
1557576996,2,51997,17990346
1557576996,3,64826,18055172
1557576996,4,27536,18082708
1557576996,5,56313,18139021
1557576996,6,2124,18141145
1557576996,7,98795,18239940
1557576996,8,6107,18246047
1557576996,9,13912,18259959
1557577296,0,761,18260720
1557577296,1,62992,18323712
1557577296,2,20316,18344028
1557577296,3,9889,18353917
1557577296,4,22258,18376175
1557577296,5,53431,18429606
1557577296,6,24719,18454325
1557577296,7,21237,18475562
1557577296,8,81930,18557492
1557577296,9,96386,18653878
1557577596,0,37887,18691765
1557577596,1,33648,18725413
1557577596,2,84596,18810009
1557577596,3,16506,18826515
1557577596,4,29184,18855699
1557577596,5,71105,18926804
1557577596,6,19449,18946253
1557577596,7,57633,19003886
1557577596,8,37964,19041850
1557577596,9,55197,19097047
1557577896,0,16071,19113118
1557577896,1,81780,19194898
1557577896,2,42205,19237103
1557577896,3,1762,19238865
1557577896,4,1985,19240850
1557577896,5,88488,19329338
1557577896,6,56567,19385905
1557577896,7,68291,19454196
1557577896,8,20358,19474554
1557577896,9,73803,19548357
1557578196,0,60229,19608586
1557578196,1,7842,19616428
1557578196,2,83869,19700297
1557578196,3,52182,19752479
1557578196,4,36818,19789297
1557578196,5,16224,19805521
1557578196,6,98561,19904082
1557578196,7,60660,19964742
1557578196,8,13303,19978045
1557578196,9,14134,19992179
1557578496,0,79288,20071467
1557578496,1,49730,20121197
1557578496,2,96718,20217915
1557578496,3,65077,20282992
1557578496,4,91138,20374130
1557578496,5,6228,20380358
1557578496,6,41072,20421430
1557578496,7,525,20421955
1557578496,8,97321,20519276
1557578496,9,15391,20534667
1557578796,0,57968,20592635
1557578796,1,33176,20625811
1557578796,2,33516,20659327
1557578796,3,88157,20747484
1557578796,4,36084,20783568
1557578796,5,82084,20865652
1557578796,6,74088,20939740
1557578796,7,15262,20955002
1557578796,8,70194,21025196
1557578796,9,55492,21080688
1557579096,0,45378,21126066
1557579096,1,21283,21147349
1557579096,2,99065,21246414
1557579096,3,81140,21327554
1557579096,4,58596,21386150
1557579096,5,31363,21417513
1557579096,6,35692,21453205
1557579096,7,63891,21517096
1557579096,8,62492,21579588
1557579096,9,63268,21642856
1557579396,0,41799,21684655
1557579396,1,41707,21726362
1557579396,2,58465,21784827
1557579396,3,26546,21811373
1557579396,4,62113,21873486
1557579396,5,76538,21950024
1557579396,6,10808,21960832
1557579396,7,56919,22017751
1557579396,8,59782,22077533
1557579396,9,61463,22138996
1557579696,0,90544,22229540
1557579696,1,48958,22278498
1557579696,2,75569,22354067
1557579696,3,63928,22417995
1557579696,4,12060,22430055
1557579696,5,53426,22483481
1557579696,6,28188,22511669
1557579696,7,8716,22520385
1557579696,8,93693,22614078
1557579696,9,80854,22694932
1557579996,0,32678,22727610
1557579996,1,4705,22732315
1557579996,2,18896,22751211
1557579996,3,51454,22802665
1557579996,4,51813,22854478
1557579996,5,54360,22908838
1557579996,6,32520,22941358
1557579996,7,23690,22965048
1557579996,8,93212,23058260
1557579996,9,90454,23148714
1557580296,0,2426,23151140
1557580296,1,28043,23179183
1557580296,2,66949,23246132
1557580296,3,94201,23340333
1557580296,4,39782,23380115
1557580296,5,47589,23427704
1557580296,6,97200,23524904
1557580296,7,47012,23571916
1557580296,8,58376,23630292
1557580296,9,92220,23722512
1557580596,0,58342,23780854
1557580596,1,44120,23824974
1557580596,2,29440,23854414
1557580596,3,56162,23910576
1557580596,4,27236,23937812
1557580596,5,36645,23974457
1557580596,6,68144,24042601
1557580596,7,51849,24094450
1557580596,8,71133,24165583
1557580596,9,87659,24253242
1557580896,0,66395,24319637
1557580896,1,89249,24408886
1557580896,2,15377,24424263
1557580896,3,69478,24493741
1557580896,4,39405,24533146
1557580896,5,61622,24594768
1557580896,6,59730,24654498
1557580896,7,15846,24670344
1557580896,8,84728,24755072
1557580896,9,83852,24838924
1557581196,0,72790,24911714
1557581196,1,54046,24965760
1557581196,2,29306,24995066
1557581196,3,55323,25050389
1557581196,4,98189,25148578
1557581196,5,97462,25246040
1557581196,6,82004,25328044
1557581196,7,43810,25371854
1557581196,8,81444,25453298
1557581196,9,57631,25510929
1557581496,0,56775,25567704
1557581496,1,197,25567901
1557581496,2,62583,25630484
1557581496,3,81816,25712300
1557581496,4,45420,25757720
1557581496,5,3488,25761208
1557581496,6,99374,25860582
1557581496,7,5766,25866348
1557581496,8,12813,25879161
1557581496,9,67716,25946877
1557581796,0,5398,25952275
1557581796,1,84754,26037029
1557581796,2,45125,26082154
1557581796,3,85655,26167809
1557581796,4,72789,26240598
1557581796,5,92063,26332661
1557581796,6,42489,26375150
1557581796,7,878,26376028
1557581796,8,21806,26397834
1557581796,9,62067,26459901
1557582096,0,33272,26493173
1557582096,1,51931,26545104
1557582096,2,15990,26561094
1557582096,3,35000,26596094
1557582096,4,43216,26639310
1557582096,5,16950,26656260
1557582096,6,91385,26747645
1557582096,7,78640,26826285
1557582096,8,72503,26898788
1557582096,9,56886,26955674
1557582396,0,38729,26994403
1557582396,1,17339,27011742
1557582396,2,74245,27085987
1557582396,3,69021,27155008
1557582396,4,88108,27243116
1557582396,5,12248,27255364
1557582396,6,65055,27320419
1557582396,7,43505,27363924
1557582396,8,13368,27377292
1557582396,9,49504,27426796
1557582696,0,37328,27464124
1557582696,1,1489,27465613
1557582696,2,58113,27523726
1557582696,3,96720,27620446
1557582696,4,49044,27669490
1557582696,5,75702,27745192
1557582696,6,15047,27760239
1557582696,7,61685,27821924
1557582696,8,77211,27899135
1557582696,9,83406,27982541
1557582996,0,95984,28078525
1557582996,1,84928,28163453
1557582996,2,92122,28255575
1557582996,3,73409,28328984
1557582996,4,436,28329420
1557582996,5,51958,28381378
1557582996,6,93865,28475243
1557582996,7,70806,28546049
1557582996,8,6331,28552380
1557582996,9,43357,28595737
1557583296,0,84093,28679830
1557583296,1,8448,28688278
1557583296,2,36612,28724890
1557583296,3,97583,28822473
1557583296,4,23070,28845543
1557583296,5,91659,28937202
1557583296,6,5135,28942337
1557583296,7,36285,28978622
1557583296,8,38160,29016782
1557583296,9,52150,29068932
1557583596,0,84382,29153314
1557583596,1,81933,29235247
1557583596,2,52661,29287908
1557583596,3,81661,29369569
1557583596,4,62531,29432100
1557583596,5,1341,29433441
1557583596,6,31033,29464474
1557583596,7,66912,29531386
1557583596,8,15448,29546834
1557583596,9,87351,29634185
1557583896,0,55149,29689334
1557583896,1,11017,29700351
1557583896,2,50033,29750384
1557583896,3,45748,29796132
1557583896,4,18176,29814308
1557583896,5,11557,29825865
1557583896,6,40227,29866092
1557583896,7,69135,29935227
1557583896,8,85832,30021059
1557583896,9,61451,30082510
1557584196,0,84383,30166893
1557584196,1,92361,30259254
1557584196,2,86054,30345308
1557584196,3,9636,30354944
1557584196,4,18898,30373842
1557584196,5,4861,30378703
1557584196,6,24712,30403415
1557584196,7,34800,30438215
1557584196,8,58239,30496454
1557584196,9,14829,30511283
1557584496,0,95724,30607007
1557584496,1,44618,30651625
1557584496,2,98541,30750166
1557584496,3,27558,30777724
1557584496,4,96184,30873908
1557584496,5,93077,30966985
1557584496,6,92115,31059100
1557584496,7,97216,31156316
1557584496,8,91684,31248000
1557584496,9,10324,31258324
1557584796,0,95289,31353613
1557584796,1,46259,31399872
1557584796,2,77764,31477636
1557584796,3,13341,31490977
1557584796,4,99944,31590921
1557584796,5,92012,31682933
1557584796,6,24833,31707766
1557584796,7,67946,31775712
1557584796,8,45883,31821595
1557584796,9,10811,31832406
1557585096,0,58690,31891096
1557585096,1,63781,31954877
1557585096,2,45926,32000803
1557585096,3,88964,32089767
1557585096,4,16974,32106741
1557585096,5,12766,32119507
1557585096,6,59411,32178918
1557585096,7,46502,32225420
1557585096,8,57804,32283224
1557585096,9,99299,32382523
1557585396,0,27425,32409948
1557585396,1,21259,32431207
1557585396,2,86210,32517417
1557585396,3,71037,32588454
1557585396,4,56969,32645423
1557585396,5,534,32645957
1557585396,6,30925,32676882
1557585396,7,27204,32704086
1557585396,8,65054,32769140
1557585396,9,51481,32820621
1557585696,0,71806,32892427
1557585696,1,15980,32908407
1557585696,2,19204,32927611
1557585696,3,6181,32933792
1557585696,4,55301,32989093
1557585696,5,55619,33044712
1557585696,6,29693,33074405
1557585696,7,92957,33167362
1557585696,8,48970,33216332
1557585696,9,35762,33252094
1557585996,0,80360,33332454
1557585996,1,49586,33382040
1557585996,2,85610,33467650
1557585996,3,9427,33477077
1557585996,4,89046,33566123
1557585996,5,34990,33601113
1557585996,6,34043,33635156
1557585996,7,78717,33713873
1557585996,8,17371,33731244
1557585996,9,37133,33768377
1557586296,0,25882,33794259
1557586296,1,59563,33853822
1557586296,2,3222,33857044
1557586296,3,90393,33947437
1557586296,4,70353,34017790
1557586296,5,26742,34044532
1557586296,6,98321,34142853
1557586296,7,87814,34230667
1557586296,8,763,34231430
1557586296,9,77295,34308725
1557586596,0,81120,34389845
1557586596,1,13889,34403734
1557586596,2,67413,34471147
1557586596,3,88182,34559329
1557586596,4,93123,34652452
1557586596,5,54672,34707124
1557586596,6,92938,34800062
1557586596,7,32917,34832979
1557586596,8,15549,34848528
1557586596,9,10206,34858734
1557586896,0,20761,34879495
1557586896,1,71150,34950645
1557586896,2,65861,35016506
1557586896,3,92716,35109222
1557586896,4,72806,35182028
1557586896,5,25482,35207510
1557586896,6,15067,35222577
1557586896,7,42454,35265031
1557586896,8,72108,35337139
1557586896,9,76402,35413541
1557587196,0,52239,35465780
1557587196,1,33792,35499572
1557587196,2,42120,35541692
1557587196,3,62456,35604148
1557587196,4,3596,35607744
1557587196,5,86575,35694319
1557587196,6,23832,35718151
1557587196,7,35072,35753223
1557587196,8,55992,35809215
1557587196,9,58805,35868020
1557587496,0,14057,35882077
1557587496,1,56035,35938112
1557587496,2,7055,35945167
1557587496,3,14811,35959978
1557587496,4,52560,36012538
1557587496,5,65645,36078183
1557587496,6,30417,36108600
1557587496,7,35297,36143897
1557587496,8,3634,36147531
1557587496,9,12843,36160374
1557587796,0,38180,36198554
1557587796,1,42811,36241365
1557587796,2,17308,36258673
1557587796,3,32068,36290741
1557587796,4,93194,36383935
1557587796,5,6954,36390889
1557587796,6,59418,36450307
1557587796,7,63832,36514139
1557587796,8,81795,36595934
1557587796,9,97864,36693798
1557588096,0,35565,36729363
1557588096,1,92989,36822352
1557588096,2,438,36822790
1557588096,3,56822,36879612
1557588096,4,56370,36935982
1557588096,5,97659,37033641
1557588096,6,68491,37102132
1557588096,7,29029,37131161
1557588096,8,48769,37179930
1557588096,9,55729,37235659
1557588396,0,21155,37256814
1557588396,1,48273,37305087
1557588396,2,14659,37319746
1557588396,3,74692,37394438
1557588396,4,10061,37404499
1557588396,5,78959,37483458
1557588396,6,48266,37531724
1557588396,7,9992,37541716
1557588396,8,11470,37553186
1557588396,9,23048,37576234
1557588696,0,14140,37590374
1557588696,1,58982,37649356
1557588696,2,12959,37662315
1557588696,3,30187,37692502
1557588696,4,71435,37763937
1557588696,5,39798,37803735
1557588696,6,7745,37811480
1557588696,7,66697,37878177
1557588696,8,25506,37903683
1557588696,9,45561,37949244
1557588996,0,19961,37969205
1557588996,1,91024,38060229
1557588996,2,697,38060926
1557588996,3,46512,38107438
1557588996,4,95254,38202692
1557588996,5,94929,38297621
1557588996,6,81638,38379259
1557588996,7,75746,38455005
1557588996,8,68346,38523351
1557588996,9,79904,38603255
1557589296,0,91296,38694551
1557589296,1,66207,38760758
1557589296,2,68966,38829724
1557589296,3,610,38830334
1557589296,4,74183,38904517
1557589296,5,22311,38926828
1557589296,6,48438,38975266
1557589296,7,7409,38982675
1557589296,8,66836,39049511
1557589296,9,7042,39056553
1557589596,0,59533,39116086
1557589596,1,53052,39169138
1557589596,2,53347,39222485
1557589596,3,46696,39269181
1557589596,4,64325,39333506
1557589596,5,55311,39388817
1557589596,6,56598,39445415
1557589596,7,97855,39543270
1557589596,8,63470,39606740
1557589596,9,76674,39683414
1557589896,0,18649,39702063
1557589896,1,42029,39744092
1557589896,2,9389,39753481
1557589896,3,14311,39767792
1557589896,4,97075,39864867
1557589896,5,86370,39951237
1557589896,6,22778,39974015
1557589896,7,24771,39998786
1557589896,8,35298,40034084
1557589896,9,65697,40099781
1557590196,0,95157,40194938
1557590196,1,99539,40294477
1557590196,2,33892,40328369
1557590196,3,44109,40372478
1557590196,4,10817,40383295
1557590196,5,50552,40433847
1557590196,6,23301,40457148
1557590196,7,91883,40549031
1557590196,8,73191,40622222
1557590196,9,20492,40642714
1557590496,0,231,40642945
1557590496,1,34913,40677858
1557590496,2,89573,40767431
1557590496,3,62669,40830100
1557590496,4,63404,40893504
1557590496,5,86060,40979564
1557590496,6,17652,40997216
1557590496,7,24270,41021486
1557590496,8,92173,41113659
1557590496,9,94643,41208302
1557590796,0,2390,41210692
1557590796,1,45268,41255960
1557590796,2,17384,41273344
1557590796,3,20993,41294337
1557590796,4,48239,41342576
1557590796,5,58106,41400682
1557590796,6,70950,41471632
1557590796,7,44063,41515695
1557590796,8,15970,41531665
1557590796,9,46871,41578536
1557591096,0,42865,41621401
1557591096,1,48689,41670090
1557591096,2,36835,41706925
1557591096,3,73484,41780409
1557591096,4,48986,41829395
1557591096,5,24810,41854205
1557591096,6,21929,41876134
1557591096,7,41226,41917360
1557591096,8,66280,41983640
1557591096,9,10115,41993755
1557591396,0,41804,42035559
1557591396,1,42217,42077776
1557591396,2,85072,42162848
1557591396,3,21615,42184463
1557591396,4,2074,42186537
1557591396,5,78009,42264546
1557591396,6,55193,42319739
1557591396,7,7597,42327336
1557591396,8,60758,42388094
1557591396,9,87401,42475495
1557591696,0,28736,42504231
1557591696,1,80506,42584737
1557591696,2,53350,42638087
1557591696,3,27946,42666033
1557591696,4,47851,42713884
1557591696,5,36055,42749939
1557591696,6,61988,42811927
1557591696,7,64397,42876324
1557591696,8,90137,42966461
1557591696,9,16926,42983387
1557591996,0,92664,43076051
1557591996,1,86391,43162442
1557591996,2,10050,43172492
1557591996,3,39159,43211651
1557591996,4,96502,43308153
1557591996,5,32639,43340792
1557591996,6,32456,43373248
1557591996,7,79873,43453121
1557591996,8,53176,43506297
1557591996,9,34807,43541104
1557592296,0,35228,43576332
1557592296,1,99613,43675945
1557592296,2,1563,43677508
1557592296,3,62210,43739718
1557592296,4,53892,43793610
1557592296,5,74729,43868339
1557592296,6,95125,43963464
1557592296,7,82245,44045709
1557592296,8,76473,44122182
1557592296,9,14361,44136543
1557592596,0,88250,44224793
1557592596,1,51109,44275902
1557592596,2,80141,44356043
1557592596,3,72708,44428751
1557592596,4,7388,44436139
1557592596,5,43310,44479449
1557592596,6,43355,44522804
1557592596,7,2369,44525173
1557592596,8,62576,44587749
1557592596,9,95104,44682853
1557592896,0,66673,44749526
1557592896,1,52002,44801528
1557592896,2,63779,44865307
1557592896,3,25979,44891286
1557592896,4,43974,44935260
1557592896,5,5153,44940413
1557592896,6,22531,44962944
1557592896,7,46617,45009561
1557592896,8,11545,45021106
1557592896,9,29175,45050281
1557593196,0,20925,45071206
1557593196,1,77067,45148273
1557593196,2,72368,45220641
1557593196,3,76754,45297395
1557593196,4,55223,45352618
1557593196,5,51806,45404424
1557593196,6,28188,45432612
1557593196,7,89302,45521914
1557593196,8,83921,45605835
1557593196,9,48279,45654114
1557593496,0,32364,45686478
1557593496,1,45133,45731611
1557593496,2,22810,45754421
1557593496,3,85297,45839718
1557593496,4,94439,45934157
1557593496,5,24875,45959032
1557593496,6,68444,46027476
1557593496,7,60285,46087761
1557593496,8,41054,46128815
1557593496,9,5480,46134295
1557593796,0,12698,46146993
1557593796,1,54690,46201683
1557593796,2,13913,46215596
1557593796,3,31499,46247095
1557593796,4,28549,46275644
1557593796,5,28096,46303740
1557593796,6,87437,46391177
1557593796,7,96000,46487177
1557593796,8,28876,46516053
1557593796,9,59475,46575528
1557594096,0,51860,46627388
1557594096,1,47486,46674874
1557594096,2,64182,46739056
1557594096,3,20655,46759711
1557594096,4,48270,46807981
1557594096,5,38767,46846748
1557594096,6,38779,46885527
1557594096,7,54406,46939933
1557594096,8,13954,46953887
1557594096,9,34518,46988405
1557594396,0,99806,47088211
1557594396,1,10917,47099128
1557594396,2,69658,47168786
1557594396,3,62506,47231292
1557594396,4,74959,47306251
1557594396,5,84126,47390377
1557594396,6,63873,47454250
1557594396,7,93694,47547944
1557594396,8,21894,47569838
1557594396,9,50900,47620738
1557594696,0,22295,47643033
1557594696,1,82672,47725705
1557594696,2,86371,47812076
1557594696,3,78428,47890504
1557594696,4,80257,47970761
1557594696,5,14906,47985667
1557594696,6,16420,48002087
1557594696,7,68939,48071026
1557594696,8,99684,48170710
1557594696,9,45783,48216493
1557594996,0,24334,48240827
1557594996,1,76314,48317141
1557594996,2,25706,48342847
1557594996,3,45743,48388590
1557594996,4,6865,48395455
1557594996,5,49777,48445232
1557594996,6,10219,48455451
1557594996,7,6833,48462284
1557594996,8,46365,48508649
1557594996,9,65918,48574567
1557595296,0,61839,48636406
1557595296,1,91510,48727916
1557595296,2,81448,48809364
1557595296,3,5244,48814608
1557595296,4,15046,48829654
1557595296,5,23471,48853125
1557595296,6,82059,48935184
1557595296,7,46524,48981708
1557595296,8,14092,48995800
1557595296,9,78263,49074063
1557595596,0,67411,49141474
1557595596,1,68799,49210273
1557595596,2,85177,49295450
1557595596,3,3452,49298902
1557595596,4,32514,49331416
1557595596,5,65587,49397003
1557595596,6,8026,49405029
1557595596,7,48085,49453114
1557595596,8,72681,49525795
1557595596,9,97853,49623648
1557595896,0,93525,49717173
1557595896,1,90278,49807451
1557595896,2,74254,49881705
1557595896,3,30466,49912171
1557595896,4,8756,49920927
1557595896,5,95746,50016673
1557595896,6,15560,50032233
1557595896,7,87618,50119851
1557595896,8,71860,50191711
1557595896,9,42062,50233773
1557596196,0,16117,50249890
1557596196,1,98948,50348838
1557596196,2,82678,50431516
1557596196,3,52620,50484136
1557596196,4,6303,50490439
1557596196,5,82213,50572652
1557596196,6,55487,50628139
1557596196,7,73847,50701986
1557596196,8,2305,50704291
1557596196,9,73071,50777362
1557596496,0,44916,50822278
1557596496,1,35188,50857466
1557596496,2,86143,50943609
1557596496,3,74386,51017995
1557596496,4,13631,51031626
1557596496,5,93528,51125154
1557596496,6,78045,51203199
1557596496,7,38921,51242120
1557596496,8,63739,51305859
1557596496,9,20445,51326304
1557596796,0,90212,51416516
1557596796,1,68191,51484707
1557596796,2,62180,51546887
1557596796,3,16998,51563885
1557596796,4,39787,51603672
1557596796,5,50585,51654257
1557596796,6,79919,51734176
1557596796,7,67001,51801177
1557596796,8,9638,51810815
1557596796,9,94644,51905459
1557597096,0,2497,51907956
1557597096,1,24716,51932672
1557597096,2,52224,51984896
1557597096,3,44007,52028903
1557597096,4,79888,52108791
1557597096,5,55230,52164021
1557597096,6,40918,52204939
1557597096,7,26070,52231009
1557597096,8,67321,52298330
1557597096,9,74302,52372632
1557597396,0,9243,52381875
1557597396,1,44682,52426557
1557597396,2,14798,52441355
1557597396,3,37726,52479081
1557597396,4,23019,52502100
1557597396,5,53193,52555293
1557597396,6,12191,52567484
1557597396,7,3361,52570845
1557597396,8,73309,52644154
1557597396,9,12737,52656891
1557597696,0,97532,52754423
1557597696,1,90683,52845106
1557597696,2,67560,52912666
1557597696,3,26622,52939288
1557597696,4,40371,52979659
1557597696,5,50114,53029773
1557597696,6,40322,53070095
1557597696,7,45334,53115429
1557597696,8,28803,53144232
1557597696,9,95000,53239232
1557597996,0,40031,53279263
1557597996,1,65679,53344942
1557597996,2,75912,53420854
1557597996,3,18609,53439463
1557597996,4,50022,53489485
1557597996,5,86854,53576339
1557597996,6,74390,53650729
1557597996,7,95803,53746532
1557597996,8,65139,53811671
1557597996,9,82842,53894513
1557598296,0,5336,53899849
1557598296,1,91316,53991165
1557598296,2,8335,53999500
1557598296,3,34085,54033585
1557598296,4,43182,54076767
1557598296,5,74658,54151425
1557598296,6,68444,54219869
1557598296,7,51210,54271079
1557598296,8,76858,54347937
1557598296,9,23396,54371333
1557598596,0,43030,54414363
1557598596,1,68633,54482996
1557598596,2,67850,54550846
1557598596,3,82763,54633609
1557598596,4,72037,54705646
1557598596,5,44910,54750556
1557598596,6,78184,54828740
1557598596,7,52787,54881527
1557598596,8,45702,54927229
1557598596,9,42084,54969313
1557598896,0,47215,55016528
1557598896,1,32907,55049435
1557598896,2,30500,55079935
1557598896,3,88396,55168331
1557598896,4,3883,55172214
1557598896,5,30944,55203158
1557598896,6,20080,55223238
1557598896,7,62233,55285471
1557598896,8,93116,55378587
1557598896,9,39773,55418360
1557599196,0,9188,55427548
1557599196,1,24555,55452103
1557599196,2,65131,55517234
1557599196,3,80610,55597844
1557599196,4,17946,55615790
1557599196,5,50895,55666685
1557599196,6,4189,55670874
1557599196,7,47439,55718313
1557599196,8,401,55718714
1557599196,9,23323,55742037
1557599496,0,94200,55836237
1557599496,1,317,55836554
1557599496,2,95843,55932397
1557599496,3,20301,55952698
1557599496,4,29553,55982251
1557599496,5,24811,56007062
1557599496,6,14185,56021247
1557599496,7,96547,56117794
1557599496,8,7,56117801
1557599496,9,36783,56154584
1557599796,0,28682,56183266
1557599796,1,55820,56239086
1557599796,2,69995,56309081
1557599796,3,84096,56393177
1557599796,4,74466,56467643
1557599796,5,58510,56526153
1557599796,6,63052,56589205
1557599796,7,13371,56602576
1557599796,8,68644,56671220
1557599796,9,45426,56716646
1557600096,0,58349,56774995
1557600096,1,29134,56804129
1557600096,2,38696,56842825
1557600096,3,33800,56876625
1557600096,4,95220,56971845
1557600096,5,69736,57041581
1557600096,6,1977,57043558
1557600096,7,73350,57116908
1557600096,8,53289,57170197
1557600096,9,91017,57261214
1557600396,0,72234,57333448
1557600396,1,57250,57390698
1557600396,2,76853,57467551
1557600396,3,45939,57513490
1557600396,4,30032,57543522
1557600396,5,46744,57590266
1557600396,6,11990,57602256
1557600396,7,30150,57632406
1557600396,8,89310,57721716
1557600396,9,91496,57813212
1557600696,0,38688,57851900
1557600696,1,46863,57898763
1557600696,2,87574,57986337
1557600696,3,49075,58035412
1557600696,4,31017,58066429
1557600696,5,89455,58155884
1557600696,6,78988,58234872
1557600696,7,5406,58240278
1557600696,8,67710,58307988
1557600696,9,84503,58392491
1557600996,0,42615,58435106
1557600996,1,48389,58483495
1557600996,2,98439,58581934
1557600996,3,40790,58622724
1557600996,4,15489,58638213
1557600996,5,91905,58730118
1557600996,6,36127,58766245
1557600996,7,47530,58813775
1557600996,8,79846,58893621
1557600996,9,58224,58951845
1557601296,0,42959,58994804
1557601296,1,47105,59041909
1557601296,2,74043,59115952
1557601296,3,57281,59173233
1557601296,4,4893,59178126
1557601296,5,16206,59194332
1557601296,6,41845,59236177
1557601296,7,43897,59280074
1557601296,8,98326,59378400
1557601296,9,32673,59411073
1557601596,0,38623,59449696
1557601596,1,73936,59523632
1557601596,2,77080,59600712
1557601596,3,44564,59645276
1557601596,4,83308,59728584
1557601596,5,17108,59745692
1557601596,6,59440,59805132
1557601596,7,45777,59850909
1557601596,8,78290,59929199
1557601596,9,44158,59973357
1557601896,0,76616,60049973
1557601896,1,98938,60148911
1557601896,2,63045,60211956
1557601896,3,39492,60251448
1557601896,4,19869,60271317
1557601896,5,17429,60288746
1557601896,6,48815,60337561
1557601896,7,18660,60356221
1557601896,8,99148,60455369
1557601896,9,12235,60467604
1557602196,0,2408,60470012
1557602196,1,14871,60484883
1557602196,2,23399,60508282
1557602196,3,36312,60544594
1557602196,4,41765,60586359
1557602196,5,79283,60665642
1557602196,6,9380,60675022
1557602196,7,93908,60768930
1557602196,8,91822,60860752
1557602196,9,86797,60947549
1557602496,0,9853,60957402
1557602496,1,50295,61007697
1557602496,2,12803,61020500
1557602496,3,53528,61074028
1557602496,4,69897,61143925
1557602496,5,55188,61199113
1557602496,6,12759,61211872
1557602496,7,92766,61304638
1557602496,8,39702,61344340
1557602496,9,47665,61392005
1557602796,0,26843,61418848
1557602796,1,77139,61495987
1557602796,2,44031,61540018
1557602796,3,25079,61565097
1557602796,4,99848,61664945
1557602796,5,83263,61748208
1557602796,6,41781,61789989
1557602796,7,49146,61839135
1557602796,8,58986,61898121
1557602796,9,66599,61964720
1557603096,0,53919,62018639
1557603096,1,35894,62054533
1557603096,2,17008,62071541
1557603096,3,41658,62113199
1557603096,4,36985,62150184
1557603096,5,77407,62227591
1557603096,6,98315,62325906
1557603096,7,90963,62416869
1557603096,8,9229,62426098
1557603096,9,61728,62487826
1557603396,0,7073,62494899
1557603396,1,9888,62504787
1557603396,2,35368,62540155
1557603396,3,80112,62620267
1557603396,4,90132,62710399
1557603396,5,68580,62778979
1557603396,6,14475,62793454
1557603396,7,84952,62878406
1557603396,8,67782,62946188
1557603396,9,71541,63017729
1557603696,0,80960,63098689
1557603696,1,55642,63154331
1557603696,2,64889,63219220
1557603696,3,13293,63232513
1557603696,4,17221,63249734
1557603696,5,64598,63314332
1557603696,6,35266,63349598
1557603696,7,64393,63413991
1557603696,8,77047,63491038
1557603696,9,74351,63565389
1557603996,0,96182,63661571
1557603996,1,98011,63759582
1557603996,2,78669,63838251
1557603996,3,87010,63925261
1557603996,4,65874,63991135
1557603996,5,11841,64002976
1557603996,6,51909,64054885
1557603996,7,48900,64103785
1557603996,8,54311,64158096
1557603996,9,49860,64207956
1557604296,0,7215,64215171
1557604296,1,97747,64312918
1557604296,2,75348,64388266
1557604296,3,17735,64406001
1557604296,4,18799,64424800
1557604296,5,36963,64461763
1557604296,6,44014,64505777
1557604296,7,78224,64584001
1557604296,8,67588,64651589
1557604296,9,97070,64748659
1557604596,0,34552,64783211
1557604596,1,94480,64877691
1557604596,2,45837,64923528
1557604596,3,87500,65011028
1557604596,4,15230,65026258
1557604596,5,64185,65090443
1557604596,6,57878,65148321
1557604596,7,69904,65218225
1557604596,8,27384,65245609
1557604596,9,39203,65284812
1557604896,0,17577,65302389
1557604896,1,11672,65314061
1557604896,2,73471,65387532
1557604896,3,27654,65415186
1557604896,4,92990,65508176
1557604896,5,8105,65516281
1557604896,6,74672,65590953
1557604896,7,85986,65676939
1557604896,8,78326,65755265
1557604896,9,91102,65846367
1557605196,0,90190,65936557
1557605196,1,56470,65993027
1557605196,2,59628,66052655
1557605196,3,79137,66131792
1557605196,4,59553,66191345
1557605196,5,58740,66250085
1557605196,6,726,66250811
1557605196,7,67933,66318744
1557605196,8,10969,66329713
1557605196,9,70795,66400508
1557605496,0,74494,66475002
1557605496,1,91275,66566277
1557605496,2,59377,66625654
1557605496,3,60456,66686110
1557605496,4,63137,66749247
1557605496,5,83859,66833106
1557605496,6,43162,66876268
1557605496,7,38072,66914340
1557605496,8,56434,66970774
1557605496,9,11917,66982691
1557605796,0,35541,67018232
1557605796,1,8546,67026778
1557605796,2,29707,67056485
1557605796,3,21539,67078024
1557605796,4,19508,67097532
1557605796,5,23824,67121356
1557605796,6,21712,67143068
1557605796,7,83998,67227066
1557605796,8,37701,67264767
1557605796,9,13193,67277960
1557606096,0,79947,67357907
1557606096,1,74141,67432048
1557606096,2,40100,67472148
1557606096,3,18394,67490542
1557606096,4,6515,67497057
1557606096,5,74287,67571344
1557606096,6,54423,67625767
1557606096,7,65218,67690985
1557606096,8,54781,67745766
1557606096,9,24078,67769844
1557606396,0,57741,67827585
1557606396,1,47571,67875156
1557606396,2,1467,67876623
1557606396,3,1267,67877890
1557606396,4,89556,67967446
1557606396,5,58221,68025667
1557606396,6,82706,68108373
1557606396,7,15549,68123922
1557606396,8,18807,68142729
1557606396,9,32282,68175011
1557606696,0,76923,68251934
1557606696,1,10634,68262568
1557606696,2,13124,68275692
1557606696,3,32645,68308337
1557606696,4,90835,68399172
1557606696,5,35251,68434423
1557606696,6,93802,68528225
1557606696,7,2492,68530717
1557606696,8,82389,68613106
1557606696,9,41407,68654513
1557606996,0,67544,68722057
1557606996,1,15661,68737718
1557606996,2,6200,68743918
1557606996,3,36388,68780306
1557606996,4,61756,68842062
1557606996,5,97273,68939335
1557606996,6,24408,68963743
1557606996,7,32271,68996014
1557606996,8,81021,69077035
1557606996,9,39759,69116794
1557607296,0,66563,69183357
1557607296,1,16175,69199532
1557607296,2,37142,69236674
1557607296,3,76528,69313202
1557607296,4,13216,69326418
1557607296,5,43621,69370039
1557607296,6,33337,69403376
1557607296,7,5328,69408704
1557607296,8,51774,69460478
1557607296,9,10445,69470923
1557607596,0,17495,69488418
1557607596,1,83804,69572222
1557607596,2,36046,69608268
1557607596,3,59296,69667564
1557607596,4,67634,69735198
1557607596,5,1845,69737043
1557607596,6,26002,69763045
1557607596,7,94824,69857869
1557607596,8,99854,69957723
1557607596,9,26808,69984531
1557607896,0,59416,70043947
1557607896,1,22165,70066112
1557607896,2,97955,70164067
1557607896,3,75404,70239471
1557607896,4,51580,70291051
1557607896,5,76812,70367863
1557607896,6,42186,70410049
1557607896,7,84688,70494737
1557607896,8,57274,70552011
1557607896,9,8317,70560328
1557608196,0,36120,70596448
1557608196,1,53826,70650274
1557608196,2,70778,70721052
1557608196,3,79822,70800874
1557608196,4,35792,70836666
1557608196,5,78384,70915050
1557608196,6,40357,70955407
1557608196,7,80848,71036255
1557608196,8,48207,71084462
1557608196,9,86455,71170917
1557608496,0,18231,71189148
1557608496,1,5624,71194772
1557608496,2,18678,71213450
1557608496,3,8477,71221927
1557608496,4,55261,71277188
1557608496,5,94532,71371720
1557608496,6,6606,71378326
1557608496,7,94606,71472932
1557608496,8,54609,71527541
1557608496,9,90507,71618048
1557608796,0,62560,71680608
1557608796,1,85189,71765797
1557608796,2,65726,71831523
1557608796,3,94741,71926264
1557608796,4,22260,71948524
1557608796,5,67639,72016163
1557608796,6,12537,72028700
1557608796,7,23383,72052083
1557608796,8,14176,72066259
1557608796,9,37674,72103933
1557609096,0,61527,72165460
1557609096,1,31317,72196777
1557609096,2,85067,72281844
1557609096,3,60359,72342203
1557609096,4,29871,72372074
1557609096,5,71596,72443670
1557609096,6,45503,72489173
1557609096,7,24071,72513244
1557609096,8,70246,72583490
1557609096,9,32887,72616377
1557609396,0,79678,72696055
1557609396,1,29276,72725331
1557609396,2,37413,72762744
1557609396,3,29915,72792659
1557609396,4,95507,72888166
1557609396,5,57271,72945437
1557609396,6,41459,72986896
1557609396,7,79877,73066773
1557609396,8,27191,73093964
1557609396,9,6335,73100299
1557609696,0,92438,73192737
1557609696,1,54775,73247512
1557609696,2,17129,73264641
1557609696,3,66738,73331379
1557609696,4,50132,73381511
1557609696,5,14200,73395711
1557609696,6,87469,73483180
1557609696,7,26164,73509344
1557609696,8,43419,73552763
1557609696,9,82897,73635660
1557609996,0,36130,73671790
1557609996,1,60278,73732068
1557609996,2,35760,73767828
1557609996,3,73746,73841574
1557609996,4,27456,73869030
1557609996,5,38120,73907150
1557609996,6,8562,73915712
1557609996,7,2484,73918196
1557609996,8,48086,73966282
1557609996,9,83160,74049442
1557610296,0,82455,74131897
1557610296,1,73482,74205379
1557610296,2,84014,74289393
1557610296,3,28926,74318319
1557610296,4,95978,74414297
1557610296,5,88361,74502658
1557610296,6,26771,74529429
1557610296,7,20690,74550119
1557610296,8,36654,74586773
1557610296,9,37201,74623974
1557610596,0,1414,74625388
1557610596,1,58788,74684176
1557610596,2,72914,74757090
1557610596,3,14987,74772077
1557610596,4,83020,74855097
1557610596,5,99464,74954561
1557610596,6,84360,75038921
1557610596,7,40082,75079003
1557610596,8,72462,75151465
1557610596,9,84192,75235657
1557610896,0,26044,75261701
1557610896,1,80913,75342614
1557610896,2,13138,75355752
1557610896,3,32369,75388121
1557610896,4,67379,75455500
1557610896,5,65576,75521076
1557610896,6,63177,75584253
1557610896,7,64544,75648797
1557610896,8,51593,75700390
1557610896,9,70262,75770652
1557611196,0,92508,75863160
1557611196,1,7792,75870952
1557611196,2,89354,75960306
1557611196,3,42067,76002373
1557611196,4,87543,76089916
1557611196,5,62259,76152175
1557611196,6,22216,76174391
1557611196,7,22356,76196747
1557611196,8,73866,76270613
1557611196,9,86869,76357482
1557611496,0,25967,76383449
1557611496,1,98710,76482159
1557611496,2,65473,76547632
1557611496,3,17439,76565071
1557611496,4,76718,76641789
1557611496,5,4583,76646372
1557611496,6,62353,76708725
1557611496,7,54597,76763322
1557611496,8,48115,76811437
1557611496,9,75796,76887233
1557611796,0,55806,76943039
1557611796,1,34486,76977525
1557611796,2,29454,77006979
1557611796,3,15208,77022187
1557611796,4,7556,77029743
1557611796,5,83881,77113624
1557611796,6,94196,77207820
1557611796,7,95390,77303210
1557611796,8,84535,77387745
1557611796,9,98321,77486066
1557612096,0,80970,77567036
1557612096,1,74002,77641038
1557612096,2,76389,77717427
1557612096,3,72325,77789752
1557612096,4,29413,77819165
1557612096,5,53881,77873046
1557612096,6,86624,77959670
1557612096,7,48283,78007953
1557612096,8,50843,78058796
1557612096,9,89199,78147995
1557612396,0,62597,78210592
1557612396,1,92682,78303274
1557612396,2,59722,78362996
1557612396,3,47434,78410430
1557612396,4,9480,78419910
1557612396,5,15157,78435067
1557612396,6,43852,78478919
1557612396,7,81966,78560885
1557612396,8,32332,78593217
1557612396,9,60310,78653527
1557612696,0,61188,78714715
1557612696,1,38461,78753176
1557612696,2,21381,78774557
1557612696,3,48625,78823182
1557612696,4,28397,78851579
1557612696,5,61888,78913467
1557612696,6,11200,78924667
1557612696,7,57593,78982260
1557612696,8,94093,79076353
1557612696,9,36806,79113159
1557612996,0,49320,79162479
1557612996,1,56904,79219383
1557612996,2,4140,79223523
1557612996,3,78020,79301543
1557612996,4,15155,79316698
1557612996,5,98704,79415402
1557612996,6,23215,79438617
1557612996,7,18441,79457058
1557612996,8,92746,79549804
1557612996,9,63540,79613344
1557613296,0,28200,79641544
1557613296,1,98697,79740241
1557613296,2,33852,79774093
1557613296,3,58893,79832986
1557613296,4,67422,79900408
1557613296,5,81338,79981746
1557613296,6,44450,80026196
1557613296,7,57293,80083489
1557613296,8,98497,80181986
1557613296,9,87533,80269519
1557613596,0,82850,80352369
1557613596,1,31182,80383551
1557613596,2,71186,80454737
1557613596,3,51406,80506143
1557613596,4,77820,80583963
1557613596,5,64273,80648236
1557613596,6,58683,80706919
1557613596,7,56682,80763601
1557613596,8,75987,80839588
1557613596,9,27355,80866943
1557613896,0,27956,80894899
1557613896,1,49038,80943937
1557613896,2,96278,81040215
1557613896,3,26672,81066887
1557613896,4,90990,81157877
1557613896,5,24267,81182144
1557613896,6,69988,81252132
1557613896,7,32250,81284382
1557613896,8,39108,81323490
1557613896,9,3725,81327215
1557614196,0,8327,81335542
1557614196,1,96426,81431968
1557614196,2,29252,81461220
1557614196,3,35193,81496413
1557614196,4,20906,81517319
1557614196,5,85602,81602921
1557614196,6,9924,81612845
1557614196,7,79626,81692471
1557614196,8,25641,81718112
1557614196,9,69365,81787477
1557614496,0,38743,81826220
1557614496,1,79235,81905455
1557614496,2,21208,81926663
1557614496,3,54856,81981519
1557614496,4,61185,82042704
1557614496,5,92849,82135553
1557614496,6,7108,82142661
1557614496,7,66463,82209124
1557614496,8,67129,82276253
1557614496,9,86876,82363129
1557614796,0,13341,82376470
1557614796,1,67028,82443498
1557614796,2,14740,82458238
1557614796,3,89252,82547490
1557614796,4,68830,82616320
1557614796,5,56061,82672381
1557614796,6,73640,82746021
1557614796,7,86549,82832570
1557614796,8,7259,82839829
1557614796,9,73564,82913393
1557615096,0,15628,82929021
1557615096,1,61755,82990776
1557615096,2,78426,83069202
1557615096,3,93829,83163031
1557615096,4,4149,83167180
1557615096,5,82445,83249625
1557615096,6,51042,83300667
1557615096,7,57211,83357878
1557615096,8,59034,83416912
1557615096,9,72614,83489526
1557615396,0,56603,83546129
1557615396,1,80456,83626585
1557615396,2,21951,83648536
1557615396,3,79284,83727820
1557615396,4,64687,83792507
1557615396,5,62852,83855359
1557615396,6,16793,83872152
1557615396,7,6317,83878469
1557615396,8,85745,83964214
1557615396,9,48020,84012234
1557615696,0,14987,84027221
1557615696,1,16335,84043556
1557615696,2,46701,84090257
1557615696,3,90014,84180271
1557615696,4,52547,84232818
1557615696,5,64745,84297563
1557615696,6,68524,84366087
1557615696,7,90043,84456130
1557615696,8,83144,84539274
1557615696,9,95734,84635008
1557615996,0,2156,84637164
1557615996,1,49918,84687082
1557615996,2,59225,84746307
1557615996,3,54365,84800672
1557615996,4,32700,84833372
1557615996,5,6281,84839653
1557615996,6,38019,84877672
1557615996,7,53564,84931236
1557615996,8,26268,84957504
1557615996,9,51340,85008844
1557616296,0,69471,85078315
1557616296,1,48910,85127225
1557616296,2,55472,85182697
1557616296,3,27452,85210149
1557616296,4,19198,85229347
1557616296,5,11106,85240453
1557616296,6,45937,85286390
1557616296,7,71640,85358030
1557616296,8,61508,85419538
1557616296,9,83809,85503347
1557616596,0,84065,85587412
1557616596,1,32847,85620259
1557616596,2,97040,85717299
1557616596,3,52285,85769584
1557616596,4,73577,85843161
1557616596,5,62538,85905699
1557616596,6,47516,85953215
1557616596,7,30641,85983856
1557616596,8,56787,86040643
1557616596,9,20132,86060775
1557616896,0,34678,86095453
1557616896,1,6159,86101612
1557616896,2,93943,86195555
1557616896,3,86905,86282460
1557616896,4,77225,86359685
1557616896,5,3552,86363237
1557616896,6,35830,86399067
1557616896,7,61374,86460441
1557616896,8,70256,86530697
1557616896,9,80497,86611194
1557617196,0,78483,86689677
1557617196,1,69757,86759434
1557617196,2,33637,86793071
1557617196,3,63898,86856969
1557617196,4,85084,86942053
1557617196,5,73567,87015620
1557617196,6,34745,87050365
1557617196,7,48872,87099237
1557617196,8,57218,87156455
1557617196,9,71920,87228375
1557617496,0,42113,87270488
1557617496,1,92172,87362660
1557617496,2,71631,87434291
1557617496,3,48943,87483234
1557617496,4,57915,87541149
1557617496,5,48119,87589268
1557617496,6,65687,87654955
1557617496,7,72092,87727047
1557617496,8,13699,87740746
1557617496,9,78712,87819458
1557617796,0,68986,87888444
1557617796,1,66798,87955242
1557617796,2,7916,87963158
1557617796,3,16589,87979747
1557617796,4,74896,88054643
1557617796,5,26192,88080835
1557617796,6,81708,88162543
1557617796,7,42856,88205399
1557617796,8,6456,88211855
1557617796,9,22022,88233877
1557618096,0,22291,88256168
1557618096,1,67049,88323217
1557618096,2,48604,88371821
1557618096,3,1355,88373176
1557618096,4,39232,88412408
1557618096,5,84774,88497182
1557618096,6,31903,88529085
1557618096,7,25671,88554756
1557618096,8,37703,88592459
1557618096,9,50084,88642543
1557618396,0,58946,88701489
1557618396,1,49591,88751080
1557618396,2,10075,88761155
1557618396,3,11133,88772288
1557618396,4,59059,88831347
1557618396,5,19106,88850453
1557618396,6,56735,88907188
1557618396,7,90444,88997632
1557618396,8,34669,89032301
1557618396,9,39525,89071826
1557618696,0,9391,89081217
1557618696,1,88114,89169331
1557618696,2,30494,89199825
1557618696,3,30162,89229987
1557618696,4,50812,89280799
1557618696,5,35767,89316566
1557618696,6,32826,89349392
1557618696,7,8773,89358165
1557618696,8,54206,89412371
1557618696,9,52816,89465187
1557618996,0,28243,89493430
1557618996,1,39630,89533060
1557618996,2,40374,89573434
1557618996,3,87449,89660883
1557618996,4,80155,89741038
1557618996,5,54391,89795429
1557618996,6,25541,89820970
1557618996,7,46579,89867549
1557618996,8,63716,89931265
1557618996,9,52905,89984170
1557619296,0,57394,90041564
1557619296,1,84791,90126355
1557619296,2,12781,90139136
1557619296,3,56690,90195826
1557619296,4,59318,90255144
1557619296,5,23578,90278722
1557619296,6,3369,90282091
1557619296,7,51219,90333310
1557619296,8,27483,90360793
1557619296,9,93333,90454126
1557619596,0,19692,90473818
1557619596,1,60350,90534168
1557619596,2,36680,90570848
1557619596,3,73659,90644507
1557619596,4,81318,90725825
1557619596,5,71728,90797553
1557619596,6,1590,90799143
1557619596,7,77245,90876388
1557619596,8,54784,90931172
1557619596,9,48141,90979313
1557619896,0,35120,91014433
1557619896,1,74179,91088612
1557619896,2,74001,91162613
1557619896,3,37668,91200281
1557619896,4,49494,91249775
1557619896,5,40808,91290583
1557619896,6,60186,91350769
1557619896,7,92690,91443459
1557619896,8,85433,91528892
1557619896,9,74866,91603758
1557620196,0,55935,91659693
1557620196,1,8063,91667756
1557620196,2,67101,91734857
1557620196,3,64684,91799541
1557620196,4,32867,91832408
1557620196,5,43189,91875597
1557620196,6,55081,91930678
1557620196,7,20601,91951279
1557620196,8,55666,92006945
1557620196,9,3474,92010419
1557620496,0,82751,92093170
1557620496,1,92558,92185728
1557620496,2,75791,92261519
1557620496,3,93169,92354688
1557620496,4,40247,92394935
1557620496,5,50432,92445367
1557620496,6,81538,92526905
1557620496,7,14356,92541261
1557620496,8,15293,92556554
1557620496,9,85654,92642208
1557620796,0,54611,92696819
1557620796,1,12930,92709749
1557620796,2,67704,92777453
1557620796,3,10796,92788249
1557620796,4,90004,92878253
1557620796,5,57612,92935865
1557620796,6,2775,92938640
1557620796,7,8657,92947297
1557620796,8,46653,92993950
1557620796,9,20471,93014421
1557621096,0,37963,93052384
1557621096,1,380,93052764
1557621096,2,8527,93061291
1557621096,3,71840,93133131
1557621096,4,76856,93209987
1557621096,5,57314,93267301
1557621096,6,35997,93303298
1557621096,7,71194,93374492
1557621096,8,35055,93409547
1557621096,9,32172,93441719
1557621396,0,5129,93446848
1557621396,1,64563,93511411
1557621396,2,803,93512214
1557621396,3,24980,93537194
1557621396,4,55065,93592259
1557621396,5,55872,93648131
1557621396,6,5794,93653925
1557621396,7,78500,93732425
1557621396,8,38800,93771225
1557621396,9,60805,93832030
1557621696,0,34460,93866490
1557621696,1,87790,93954280
1557621696,2,25406,93979686
1557621696,3,29187,94008873
1557621696,4,34044,94042917
1557621696,5,62727,94105644
1557621696,6,62801,94168445
1557621696,7,93480,94261925
1557621696,8,13204,94275129
1557621696,9,61927,94337056
1557621996,0,63724,94400780
1557621996,1,14797,94415577
1557621996,2,20497,94436074
1557621996,3,42128,94478202
1557621996,4,60292,94538494
1557621996,5,68392,94606886
1557621996,6,74032,94680918
1557621996,7,79944,94760862
1557621996,8,53020,94813882
1557621996,9,87037,94900919
1557622296,0,6468,94907387
1557622296,1,11388,94918775
1557622296,2,65548,94984323
1557622296,3,1053,94985376
1557622296,4,95829,95081205
1557622296,5,86808,95168013
1557622296,6,20533,95188546
1557622296,7,53337,95241883
1557622296,8,53251,95295134
1557622296,9,86416,95381550
1557622596,0,38042,95419592
1557622596,1,19866,95439458
1557622596,2,4178,95443636
1557622596,3,70902,95514538
1557622596,4,50339,95564877
1557622596,5,70241,95635118
1557622596,6,65622,95700740
1557622596,7,14154,95714894
1557622596,8,16701,95731595
1557622596,9,51134,95782729
1557622896,0,49349,95832078
1557622896,1,92728,95924806
1557622896,2,66797,95991603
1557622896,3,68515,96060118
1557622896,4,90299,96150417
1557622896,5,98527,96248944
1557622896,6,81618,96330562
1557622896,7,3605,96334167
1557622896,8,22444,96356611
1557622896,9,35934,96392545
1557623196,0,67500,96460045
1557623196,1,6783,96466828
1557623196,2,51034,96517862
1557623196,3,27350,96545212
1557623196,4,93668,96638880
1557623196,5,54465,96693345
1557623196,6,54791,96748136
1557623196,7,83288,96831424
1557623196,8,57489,96888913
1557623196,9,58452,96947365
1557623496,0,35316,96982681
1557623496,1,38416,97021097
1557623496,2,30724,97051821
1557623496,3,14289,97066110
1557623496,4,30716,97096826
1557623496,5,39848,97136674
1557623496,6,91076,97227750
1557623496,7,64929,97292679
1557623496,8,47769,97340448
1557623496,9,30796,97371244
1557623796,0,9224,97380468
1557623796,1,33835,97414303
1557623796,2,85566,97499869
1557623796,3,6406,97506275
1557623796,4,98193,97604468
1557623796,5,47175,97651643
1557623796,6,46049,97697692
1557623796,7,83535,97781227
1557623796,8,93899,97875126
1557623796,9,46870,97921996
1557624096,0,80174,98002170
1557624096,1,56969,98059139
1557624096,2,69395,98128534
1557624096,3,65531,98194065
1557624096,4,21141,98215206
1557624096,5,47963,98263169
1557624096,6,1892,98265061
1557624096,7,64747,98329808
1557624096,8,72508,98402316
1557624096,9,14874,98417190
1557624396,0,98332,98515522
1557624396,1,60418,98575940
1557624396,2,65565,98641505
1557624396,3,8295,98649800
1557624396,4,16004,98665804
1557624396,5,39717,98705521
1557624396,6,56822,98762343
1557624396,7,74885,98837228
1557624396,8,97190,98934418
1557624396,9,73991,99008409
1557624696,0,54089,99062498
1557624696,1,32827,99095325
1557624696,2,21559,99116884
1557624696,3,17244,99134128
1557624696,4,60100,99194228
1557624696,5,74911,99269139
1557624696,6,37034,99306173
1557624696,7,98356,99404529
1557624696,8,91056,99495585
1557624696,9,42329,99537914
1557624996,0,599,99538513
1557624996,1,42436,99580949
1557624996,2,76465,99657414
1557624996,3,56902,99714316
1557624996,4,21598,99735914
1557624996,5,72489,99808403
1557624996,6,39729,99848132
1557624996,7,74507,99922639
1557624996,8,94271,100016910
1557624996,9,24735,100041645
1557625296,0,9647,100051292
1557625296,1,31779,100083071
1557625296,2,66495,100149566
1557625296,3,34547,100184113
1557625296,4,61324,100245437
1557625296,5,19777,100265214
1557625296,6,84329,100349543
1557625296,7,97281,100446824
1557625296,8,71507,100518331
1557625296,9,42900,100561231
1557625596,0,68140,100629371
1557625596,1,11226,100640597
1557625596,2,44399,100684996
1557625596,3,79587,100764583
1557625596,4,37856,100802439
1557625596,5,62276,100864715
1557625596,6,74477,100939192
1557625596,7,87880,101027072
1557625596,8,74102,101101174
1557625596,9,87827,101189001
1557625896,0,47944,101236945
1557625896,1,47436,101284381
1557625896,2,52466,101336847
1557625896,3,79893,101416740
1557625896,4,42875,101459615
1557625896,5,21019,101480634
1557625896,6,68504,101549138
1557625896,7,83378,101632516
1557625896,8,22430,101654946
1557625896,9,31878,101686824
1557626196,0,79624,101766448
1557626196,1,54257,101820705
1557626196,2,79673,101900378
1557626196,3,93566,101993944
1557626196,4,74994,102068938
1557626196,5,85892,102154830
1557626196,6,59832,102214662
1557626196,7,65313,102279975
1557626196,8,17226,102297201
1557626196,9,21676,102318877
1557626496,0,33078,102351955
1557626496,1,35072,102387027
1557626496,2,85998,102473025
1557626496,3,42086,102515111
1557626496,4,38370,102553481
1557626496,5,62625,102616106
1557626496,6,90539,102706645
1557626496,7,4354,102710999
1557626496,8,75215,102786214
1557626496,9,39459,102825673
1557626796,0,67079,102892752
1557626796,1,39087,102931839
1557626796,2,64648,102996487
1557626796,3,28962,103025449
1557626796,4,24196,103049645
1557626796,5,685,103050330
1557626796,6,2254,103052584
1557626796,7,73234,103125818
1557626796,8,16363,103142181
1557626796,9,43490,103185671
1557627096,0,878,103186549
1557627096,1,68256,103254805
1557627096,2,49676,103304481
1557627096,3,88775,103393256
1557627096,4,42133,103435389
1557627096,5,62799,103498188
1557627096,6,20609,103518797
1557627096,7,49072,103567869
1557627096,8,10042,103577911
1557627096,9,72441,103650352
1557627396,0,74369,103724721
1557627396,1,48926,103773647
1557627396,2,46450,103820097
1557627396,3,6509,103826606
1557627396,4,67093,103893699
1557627396,5,71203,103964902
1557627396,6,84497,104049399
1557627396,7,18485,104067884
1557627396,8,36744,104104628
1557627396,9,3468,104108096
1557627696,0,83223,104191319
1557627696,1,74677,104265996
1557627696,2,33971,104299967
1557627696,3,36212,104336179
1557627696,4,79577,104415756
1557627696,5,63190,104478946
1557627696,6,90987,104569933
1557627696,7,24464,104594397
1557627696,8,83941,104678338
1557627696,9,47466,104725804
1557627996,0,49219,104775023
1557627996,1,53985,104829008
1557627996,2,90012,104919020
1557627996,3,95864,105014884
1557627996,4,53805,105068689
1557627996,5,53800,105122489
1557627996,6,13523,105136012
1557627996,7,37786,105173798
1557627996,8,37530,105211328
1557627996,9,26503,105237831
1557628296,0,75466,105313297
1557628296,1,61951,105375248
1557628296,2,48741,105423989
1557628296,3,24432,105448421
1557628296,4,14770,105463191
1557628296,5,85595,105548786
1557628296,6,57444,105606230
1557628296,7,71107,105677337
1557628296,8,12107,105689444
1557628296,9,45015,105734459
1557628596,0,953,105735412
1557628596,1,17135,105752547
1557628596,2,10253,105762800
1557628596,3,60631,105823431
1557628596,4,78874,105902305
1557628596,5,22119,105924424
1557628596,6,36482,105960906
1557628596,7,52741,106013647
1557628596,8,25329,106038976
1557628596,9,7357,106046333
1557628896,0,64227,106110560
1557628896,1,94813,106205373
1557628896,2,79389,106284762
1557628896,3,99219,106383981
1557628896,4,33145,106417126
1557628896,5,74667,106491793
1557628896,6,55739,106547532
1557628896,7,55866,106603398
1557628896,8,1087,106604485
1557628896,9,22121,106626606
1557629196,0,7029,106633635
1557629196,1,80951,106714586
1557629196,2,16979,106731565
1557629196,3,17055,106748620
1557629196,4,27868,106776488
1557629196,5,69875,106846363
1557629196,6,90263,106936626
1557629196,7,52752,106989378
1557629196,8,85930,107075308
1557629196,9,83981,107159289
1557629496,0,5697,107164986
1557629496,1,49856,107214842
1557629496,2,72114,107286956
1557629496,3,66101,107353057
1557629496,4,63933,107416990
1557629496,5,73416,107490406
1557629496,6,3838,107494244
1557629496,7,13426,107507670
1557629496,8,89761,107597431
1557629496,9,64040,107661471
1557629796,0,15216,107676687
1557629796,1,45610,107722297
1557629796,2,82763,107805060
1557629796,3,86415,107891475
1557629796,4,54780,107946255
1557629796,5,17106,107963361
1557629796,6,88909,108052270
1557629796,7,24823,108077093
1557629796,8,77857,108154950
1557629796,9,40561,108195511
1557630096,0,40982,108236493
1557630096,1,93302,108329795
1557630096,2,17919,108347714
1557630096,3,10378,108358092
1557630096,4,60375,108418467
1557630096,5,47166,108465633
1557630096,6,83500,108549133
1557630096,7,90857,108639990
1557630096,8,14621,108654611
1557630096,9,65108,108719719
1557630396,0,32344,108752063
1557630396,1,6918,108758981
1557630396,2,40603,108799584
1557630396,3,3352,108802936
1557630396,4,17721,108820657
1557630396,5,15164,108835821
1557630396,6,33200,108869021
1557630396,7,64123,108933144
1557630396,8,49854,108982998
1557630396,9,27793,109010791
1557630696,0,33042,109043833
1557630696,1,53624,109097457
1557630696,2,13289,109110746
1557630696,3,43979,109154725
1557630696,4,96327,109251052
1557630696,5,58223,109309275
1557630696,6,76193,109385468
1557630696,7,16299,109401767
1557630696,8,56803,109458570
1557630696,9,30923,109489493
1557630996,0,8879,109498372
1557630996,1,32207,109530579
1557630996,2,85245,109615824
1557630996,3,21553,109637377
1557630996,4,79683,109717060
1557630996,5,48310,109765370
1557630996,6,93882,109859252
1557630996,7,24954,109884206
1557630996,8,54637,109938843
1557630996,9,61690,110000533
1557631296,0,25492,110026025
1557631296,1,63280,110089305
1557631296,2,92037,110181342
1557631296,3,1598,110182940
1557631296,4,38803,110221743
1557631296,5,18144,110239887
1557631296,6,47523,110287410
1557631296,7,21293,110308703
1557631296,8,52579,110361282
1557631296,9,7143,110368425
1557631596,0,64151,110432576
1557631596,1,93172,110525748
1557631596,2,73836,110599584
1557631596,3,98303,110697887
1557631596,4,44593,110742480
1557631596,5,85971,110828451
1557631596,6,31473,110859924
1557631596,7,53738,110913662
1557631596,8,75465,110989127
1557631596,9,50710,111039837
1557631896,0,69482,111109319
1557631896,1,91551,111200870
1557631896,2,26094,111226964
1557631896,3,88776,111315740
1557631896,4,46980,111362720
1557631896,5,87205,111449925
1557631896,6,51120,111501045
1557631896,7,52482,111553527
1557631896,8,69037,111622564
1557631896,9,49777,111672341
1557632196,0,14065,111686406
1557632196,1,43997,111730403
1557632196,2,74439,111804842
1557632196,3,55313,111860155
1557632196,4,75630,111935785
1557632196,5,52576,111988361
1557632196,6,78823,112067184
1557632196,7,6327,112073511
1557632196,8,73497,112147008
1557632196,9,59687,112206695
1557632496,0,84936,112291631
1557632496,1,30926,112322557
1557632496,2,60146,112382703
1557632496,3,72724,112455427
1557632496,4,80829,112536256
1557632496,5,79085,112615341
1557632496,6,22465,112637806
1557632496,7,91390,112729196
1557632496,8,64377,112793573
1557632496,9,47648,112841221
1557632796,0,94499,112935720
1557632796,1,16136,112951856
1557632796,2,89686,113041542
1557632796,3,43882,113085424
1557632796,4,64875,113150299
1557632796,5,69728,113220027
1557632796,6,33154,113253181
1557632796,7,89774,113342955
1557632796,8,84003,113426958
1557632796,9,16531,113443489
1557633096,0,41720,113485209
1557633096,1,79526,113564735
1557633096,2,77032,113641767
1557633096,3,40862,113682629
1557633096,4,78442,113761071
1557633096,5,67601,113828672
1557633096,6,26391,113855063
1557633096,7,66620,113921683
1557633096,8,54857,113976540
1557633096,9,94280,114070820
1557633396,0,84585,114155405
1557633396,1,4865,114160270
1557633396,2,61040,114221310
1557633396,3,29798,114251108
1557633396,4,56184,114307292
1557633396,5,77700,114384992
1557633396,6,91214,114476206
1557633396,7,73797,114550003
1557633396,8,30597,114580600
1557633396,9,32243,114612843
1557633696,0,33790,114646633
1557633696,1,1679,114648312
1557633696,2,24510,114672822
1557633696,3,44501,114717323
1557633696,4,18130,114735453
1557633696,5,1613,114737066
1557633696,6,5016,114742082
1557633696,7,95048,114837130
1557633696,8,44595,114881725
1557633696,9,18535,114900260
1557633996,0,67405,114967665
1557633996,1,41245,115008910
1557633996,2,19091,115028001
1557633996,3,28921,115056922
1557633996,4,82122,115139044
1557633996,5,77476,115216520
1557633996,6,76716,115293236
1557633996,7,40012,115333248
1557633996,8,57310,115390558
1557633996,9,17584,115408142
1557634296,0,50902,115459044
1557634296,1,91442,115550486
1557634296,2,60318,115610804
1557634296,3,99413,115710217
1557634296,4,29777,115739994
1557634296,5,49556,115789550
1557634296,6,44220,115833770
1557634296,7,87684,115921454
1557634296,8,78051,115999505
1557634296,9,42724,116042229
1557634596,0,8042,116050271
1557634596,1,14701,116064972
1557634596,2,43510,116108482
1557634596,3,98657,116207139
1557634596,4,46272,116253411
1557634596,5,6958,116260369
1557634596,6,52211,116312580
1557634596,7,43865,116356445
1557634596,8,42312,116398757
1557634596,9,56578,116455335
1557634896,0,69510,116524845
1557634896,1,43423,116568268
1557634896,2,57108,116625376
1557634896,3,17000,116642376
1557634896,4,21564,116663940
1557634896,5,93886,116757826
1557634896,6,60345,116818171
1557634896,7,53467,116871638
1557634896,8,58998,116930636
1557634896,9,27309,116957945
1557635196,0,1550,116959495
1557635196,1,86224,117045719
1557635196,2,40233,117085952
1557635196,3,10231,117096183
1557635196,4,50176,117146359
1557635196,5,22159,117168518
1557635196,6,85266,117253784
1557635196,7,56676,117310460
1557635196,8,8272,117318732
1557635196,9,31690,117350422
1557635496,0,55522,117405944
1557635496,1,62185,117468129
1557635496,2,28549,117496678
1557635496,3,22124,117518802
1557635496,4,41189,117559991
1557635496,5,86432,117646423
1557635496,6,4783,117651206
1557635496,7,76328,117727534
1557635496,8,5923,117733457
1557635496,9,896,117734353
1557635796,0,46373,117780726
1557635796,1,4208,117784934
1557635796,2,94125,117879059
1557635796,3,34225,117913284
1557635796,4,58892,117972176
1557635796,5,16892,117989068
1557635796,6,94500,118083568
1557635796,7,12665,118096233
1557635796,8,16843,118113076
1557635796,9,31346,118144422
1557636096,0,54565,118198987
1557636096,1,91473,118290460
1557636096,2,38800,118329260
1557636096,3,48949,118378209
1557636096,4,58978,118437187
1557636096,5,85487,118522674
1557636096,6,4406,118527080
1557636096,7,18689,118545769
1557636096,8,14682,118560451
1557636096,9,57508,118617959
1557636396,0,84068,118702027
1557636396,1,16923,118718950
1557636396,2,56593,118775543
1557636396,3,65166,118840709
1557636396,4,27101,118867810
1557636396,5,38886,118906696
1557636396,6,85832,118992528
1557636396,7,87322,119079850
1557636396,8,67672,119147522
1557636396,9,22333,119169855
1557636696,0,55523,119225378
1557636696,1,41296,119266674
1557636696,2,79795,119346469
1557636696,3,24227,119370696
1557636696,4,44678,119415374
1557636696,5,55150,119470524
1557636696,6,83500,119554024
1557636696,7,73294,119627318
1557636696,8,91558,119718876
1557636696,9,57316,119776192
1557636996,0,21532,119797724
1557636996,1,83024,119880748
1557636996,2,18439,119899187
1557636996,3,95838,119995025
1557636996,4,39107,120034132
1557636996,5,24330,120058462
1557636996,6,78378,120136840
1557636996,7,47470,120184310
1557636996,8,37976,120222286
1557636996,9,19583,120241869
1557637296,0,19077,120260946
1557637296,1,13079,120274025
1557637296,2,26257,120300282
1557637296,3,33705,120333987
1557637296,4,21432,120355419
1557637296,5,58291,120413710
1557637296,6,57189,120470899
1557637296,7,41996,120512895
1557637296,8,15489,120528384
1557637296,9,88947,120617331
1557637596,0,86880,120704211
1557637596,1,83086,120787297
1557637596,2,32520,120819817
1557637596,3,77061,120896878
1557637596,4,11982,120908860
1557637596,5,41012,120949872
1557637596,6,41527,120991399
1557637596,7,68532,121059931
1557637596,8,15353,121075284
1557637596,9,81277,121156561
1557637896,0,82670,121239231
1557637896,1,55239,121294470
1557637896,2,73238,121367708
1557637896,3,10582,121378290
1557637896,4,61268,121439558
1557637896,5,23059,121462617
1557637896,6,57358,121519975
1557637896,7,32575,121552550
1557637896,8,96857,121649407
1557637896,9,27847,121677254
1557638196,0,82420,121759674
1557638196,1,61749,121821423
1557638196,2,55703,121877126
1557638196,3,80665,121957791
1557638196,4,33664,121991455
1557638196,5,53939,122045394
1557638196,6,52940,122098334
1557638196,7,15565,122113899
1557638196,8,56568,122170467
1557638196,9,39236,122209703
1557638496,0,7661,122217364
1557638496,1,13898,122231262
1557638496,2,15876,122247138
1557638496,3,56498,122303636
1557638496,4,83548,122387184
1557638496,5,86202,122473386
1557638496,6,30255,122503641
1557638496,7,93317,122596958
1557638496,8,26634,122623592
1557638496,9,93010,122716602
1557638796,0,41062,122757664
1557638796,1,33268,122790932
1557638796,2,45013,122835945
1557638796,3,60149,122896094
1557638796,4,8097,122904191
1557638796,5,27719,122931910
1557638796,6,20674,122952584
1557638796,7,52140,123004724
1557638796,8,9396,123014120
1557638796,9,15681,123029801
1557639096,0,72358,123102159
1557639096,1,2662,123104821
1557639096,2,46093,123150914
1557639096,3,70944,123221858
1557639096,4,32722,123254580
1557639096,5,44727,123299307
1557639096,6,41045,123340352
1557639096,7,49472,123389824
1557639096,8,64877,123454701
1557639096,9,41179,123495880
1557639396,0,40491,123536371
1557639396,1,9908,123546279
1557639396,2,51402,123597681
1557639396,3,76388,123674069
1557639396,4,41750,123715819
1557639396,5,16760,123732579
1557639396,6,90074,123822653
1557639396,7,87136,123909789
1557639396,8,49934,123959723
1557639396,9,74581,124034304
1557639696,0,45031,124079335
1557639696,1,66525,124145860
1557639696,2,89292,124235152
1557639696,3,83476,124318628
1557639696,4,43892,124362520
1557639696,5,66388,124428908
1557639696,6,80455,124509363
1557639696,7,8490,124517853
1557639696,8,88051,124605904
1557639696,9,17475,124623379
1557639996,0,76294,124699673
1557639996,1,72727,124772400
1557639996,2,88787,124861187
1557639996,3,94398,124955585
1557639996,4,94498,125050083
1557639996,5,73429,125123512
1557639996,6,79319,125202831
1557639996,7,49054,125251885
1557639996,8,28978,125280863
1557639996,9,43198,125324061
1557640296,0,8945,125333006
1557640296,1,99034,125432040
1557640296,2,33848,125465888
1557640296,3,57524,125523412
1557640296,4,73182,125596594
1557640296,5,57023,125653617
1557640296,6,20244,125673861
1557640296,7,21033,125694894
1557640296,8,95129,125790023
1557640296,9,51854,125841877
1557640596,0,15027,125856904
1557640596,1,20125,125877029
1557640596,2,37828,125914857
1557640596,3,51225,125966082
1557640596,4,87754,126053836
1557640596,5,44214,126098050
1557640596,6,59181,126157231
1557640596,7,88304,126245535
1557640596,8,18463,126263998
1557640596,9,4441,126268439
1557640896,0,43462,126311901
1557640896,1,11692,126323593
1557640896,2,44309,126367902
1557640896,3,49399,126417301
1557640896,4,2721,126420022
1557640896,5,20096,126440118
1557640896,6,12369,126452487
1557640896,7,30532,126483019
1557640896,8,74737,126557756
1557640896,9,53817,126611573
1557641196,0,3400,126614973
1557641196,1,55004,126669977
1557641196,2,60660,126730637
1557641196,3,69740,126800377
1557641196,4,61537,126861914
1557641196,5,85865,126947779
1557641196,6,85604,127033383
1557641196,7,80924,127114307
1557641196,8,69914,127184221
1557641196,9,54351,127238572
1557641496,0,40931,127279503
1557641496,1,6833,127286336
1557641496,2,56522,127342858
1557641496,3,23488,127366346
1557641496,4,79655,127446001
1557641496,5,32178,127478179
1557641496,6,38953,127517132
1557641496,7,39234,127556366
1557641496,8,69422,127625788
1557641496,9,4944,127630732
1557641796,0,216,127630948
1557641796,1,54074,127685022
1557641796,2,4501,127689523
1557641796,3,90018,127779541
1557641796,4,77392,127856933
1557641796,5,63849,127920782
1557641796,6,11627,127932409
1557641796,7,85234,128017643
1557641796,8,664,128018307
1557641796,9,16103,128034410
1557642096,0,25982,128060392
1557642096,1,44451,128104843
1557642096,2,14527,128119370
1557642096,3,12686,128132056
1557642096,4,10542,128142598
1557642096,5,50708,128193306
1557642096,6,85677,128278983
1557642096,7,75247,128354230
1557642096,8,55014,128409244
1557642096,9,29470,128438714
1557642396,0,38728,128477442
1557642396,1,50489,128527931
1557642396,2,35798,128563729
1557642396,3,17353,128581082
1557642396,4,16487,128597569
1557642396,5,39413,128636982
1557642396,6,29435,128666417
1557642396,7,25637,128692054
1557642396,8,62730,128754784
1557642396,9,70635,128825419
1557642696,0,46042,128871461
1557642696,1,83145,128954606
1557642696,2,64298,129018904
1557642696,3,74332,129093236
1557642696,4,26988,129120224
1557642696,5,81938,129202162
1557642696,6,89061,129291223
1557642696,7,30857,129322080
1557642696,8,29773,129351853
1557642696,9,18014,129369867
1557642996,0,49772,129419639
1557642996,1,85626,129505265
1557642996,2,96988,129602253
1557642996,3,38442,129640695
1557642996,4,52706,129693401
1557642996,5,24149,129717550
1557642996,6,47987,129765537
1557642996,7,37095,129802632
1557642996,8,33125,129835757
1557642996,9,32054,129867811
1557643296,0,66193,129934004
1557643296,1,15904,129949908
1557643296,2,73247,130023155
1557643296,3,62465,130085620
1557643296,4,91630,130177250
1557643296,5,47702,130224952
1557643296,6,6129,130231081
1557643296,7,52894,130283975
1557643296,8,70034,130354009
1557643296,9,39492,130393501
1557643596,0,56785,130450286
1557643596,1,29237,130479523
1557643596,2,41429,130520952
1557643596,3,96401,130617353
1557643596,4,91555,130708908
1557643596,5,27674,130736582
1557643596,6,20102,130756684
1557643596,7,9246,130765930
1557643596,8,57237,130823167
1557643596,9,35321,130858488
1557643896,0,78706,130937194
1557643896,1,61988,130999182
1557643896,2,66743,131065925
1557643896,3,67539,131133464
1557643896,4,58629,131192093
1557643896,5,56684,131248777
1557643896,6,53583,131302360
1557643896,7,27077,131329437
1557643896,8,55736,131385173
1557643896,9,11055,131396228
1557644196,0,30038,131426266
1557644196,1,78509,131504775
1557644196,2,45513,131550288
1557644196,3,54606,131604894
1557644196,4,35615,131640509
1557644196,5,42446,131682955
1557644196,6,82759,131765714
1557644196,7,21020,131786734
1557644196,8,77678,131864412
1557644196,9,64805,131929217
1557644496,0,63184,131992401
1557644496,1,97933,132090334
1557644496,2,83185,132173519
1557644496,3,7001,132180520
1557644496,4,25968,132206488
1557644496,5,11046,132217534
1557644496,6,13224,132230758
1557644496,7,64418,132295176
1557644496,8,40061,132335237
1557644496,9,91073,132426310
1557644796,0,45307,132471617
1557644796,1,84252,132555869
1557644796,2,94819,132650688
1557644796,3,78633,132729321
1557644796,4,20265,132749586
1557644796,5,47708,132797294
1557644796,6,8709,132806003
1557644796,7,67478,132873481
1557644796,8,73125,132946606
1557644796,9,17407,132964013
1557645096,0,24891,132988904
1557645096,1,31000,133019904
1557645096,2,55258,133075162
1557645096,3,9714,133084876
1557645096,4,75872,133160748
1557645096,5,55137,133215885
1557645096,6,32827,133248712
1557645096,7,96337,133345049
1557645096,8,70374,133415423
1557645096,9,49230,133464653
1557645396,0,76129,133540782
1557645396,1,9146,133549928
1557645396,2,14321,133564249
1557645396,3,33678,133597927
1557645396,4,39292,133637219
1557645396,5,88872,133726091
1557645396,6,47895,133773986
1557645396,7,13249,133787235
1557645396,8,91889,133879124
1557645396,9,16336,133895460
1557645696,0,17150,133912610
1557645696,1,61905,133974515
1557645696,2,47108,134021623
1557645696,3,95357,134116980
1557645696,4,11965,134128945
1557645696,5,31570,134160515
1557645696,6,98149,134258664
1557645696,7,35912,134294576
1557645696,8,267,134294843
1557645696,9,55281,134350124
1557645996,0,30966,134381090
1557645996,1,9187,134390277
1557645996,2,93121,134483398
1557645996,3,48809,134532207
1557645996,4,6592,134538799
1557645996,5,21713,134560512
1557645996,6,89468,134649980
1557645996,7,52520,134702500
1557645996,8,76401,134778901
1557645996,9,75649,134854550
1557646296,0,73333,134927883
1557646296,1,61588,134989471
1557646296,2,17753,135007224
1557646296,3,39942,135047166
1557646296,4,99148,135146314
1557646296,5,72185,135218499
1557646296,6,88384,135306883
1557646296,7,93358,135400241
1557646296,8,56309,135456550
1557646296,9,99111,135555661
1557646596,0,86108,135641769
1557646596,1,61151,135702920
1557646596,2,71589,135774509
1557646596,3,94452,135868961
1557646596,4,85172,135954133
1557646596,5,46481,136000614
1557646596,6,15588,136016202
1557646596,7,95426,136111628
1557646596,8,6710,136118338
1557646596,9,2058,136120396
1557646896,0,95816,136216212
1557646896,1,64081,136280293
1557646896,2,23163,136303456
1557646896,3,22940,136326396
1557646896,4,70844,136397240
1557646896,5,56538,136453778
1557646896,6,28408,136482186
1557646896,7,77148,136559334
1557646896,8,4172,136563506
1557646896,9,70262,136633768
1557647196,0,18733,136652501
1557647196,1,92472,136744973
1557647196,2,35519,136780492
1557647196,3,58643,136839135
1557647196,4,28536,136867671
1557647196,5,82957,136950628
1557647196,6,31683,136982311
1557647196,7,91869,137074180
1557647196,8,79860,137154040
1557647196,9,42347,137196387
1557647496,0,6081,137202468
1557647496,1,92744,137295212
1557647496,2,52262,137347474
1557647496,3,9955,137357429
1557647496,4,15906,137373335
1557647496,5,52208,137425543
1557647496,6,25451,137450994
1557647496,7,63767,137514761
1557647496,8,75180,137589941
1557647496,9,18201,137608142
1557647796,0,63188,137671330
1557647796,1,44965,137716295
1557647796,2,3578,137719873
1557647796,3,22216,137742089
1557647796,4,50712,137792801
1557647796,5,43638,137836439
1557647796,6,41814,137878253
1557647796,7,64507,137942760
1557647796,8,20046,137962806
1557647796,9,66553,138029359
1557648096,0,75697,138105056
1557648096,1,91756,138196812
1557648096,2,80620,138277432
1557648096,3,72685,138350117
1557648096,4,88908,138439025
1557648096,5,9901,138448926
1557648096,6,17125,138466051
1557648096,7,50114,138516165
1557648096,8,78234,138594399
1557648096,9,78441,138672840
1557648396,0,13022,138685862
1557648396,1,92410,138778272
1557648396,2,8723,138786995
1557648396,3,89036,138876031
1557648396,4,55393,138931424
1557648396,5,96218,139027642
1557648396,6,76042,139103684
1557648396,7,40309,139143993
1557648396,8,42971,139186964
1557648396,9,50602,139237566
1557648696,0,49336,139286902
1557648696,1,25158,139312060
1557648696,2,39222,139351282
1557648696,3,79618,139430900
1557648696,4,79920,139510820
1557648696,5,40831,139551651
1557648696,6,66044,139617695
1557648696,7,87271,139704966
1557648696,8,16242,139721208
1557648696,9,1733,139722941
1557648996,0,87482,139810423
1557648996,1,88359,139898782
1557648996,2,13985,139912767
1557648996,3,54372,139967139
1557648996,4,45404,140012543
1557648996,5,66469,140079012
1557648996,6,46199,140125211
1557648996,7,73579,140198790
1557648996,8,72407,140271197
1557648996,9,21583,140292780
1557649296,0,19085,140311865
1557649296,1,17,140311882
1557649296,2,19019,140330901
1557649296,3,70543,140401444
1557649296,4,23196,140424640
1557649296,5,86552,140511192
1557649296,6,54078,140565270
1557649296,7,77495,140642765
1557649296,8,85171,140727936
1557649296,9,70456,140798392
1557649596,0,66683,140865075
1557649596,1,76358,140941433
1557649596,2,59091,141000524
1557649596,3,41023,141041547
1557649596,4,66323,141107870
1557649596,5,21444,141129314
1557649596,6,83878,141213192
1557649596,7,480,141213672
1557649596,8,79072,141292744
1557649596,9,38429,141331173
1557649896,0,53685,141384858
1557649896,1,88188,141473046
1557649896,2,506,141473552
1557649896,3,41350,141514902
1557649896,4,15096,141529998
1557649896,5,92898,141622896
1557649896,6,17707,141640603
1557649896,7,37301,141677904
1557649896,8,1877,141679781
1557649896,9,11378,141691159
1557650196,0,26341,141717500
1557650196,1,17819,141735319
1557650196,2,21807,141757126
1557650196,3,40599,141797725
1557650196,4,54222,141851947
1557650196,5,68803,141920750
1557650196,6,77968,141998718
1557650196,7,25686,142024404
1557650196,8,94096,142118500
1557650196,9,77299,142195799
1557650496,0,75093,142270892
1557650496,1,96440,142367332
1557650496,2,99806,142467138
1557650496,3,44176,142511314
1557650496,4,9488,142520802
1557650496,5,90544,142611346
1557650496,6,71226,142682572
1557650496,7,39398,142721970
1557650496,8,14819,142736789
1557650496,9,23598,142760387
1557650796,0,41046,142801433
1557650796,1,12999,142814432
1557650796,2,7489,142821921
1557650796,3,288,142822209
1557650796,4,52431,142874640
1557650796,5,46581,142921221
1557650796,6,46714,142967935
1557650796,7,29525,142997460
1557650796,8,48600,143046060
1557650796,9,33023,143079083
1557651096,0,98222,143177305
1557651096,1,2847,143180152
1557651096,2,75489,143255641
1557651096,3,7228,143262869
1557651096,4,83901,143346770
1557651096,5,7062,143353832
1557651096,6,12750,143366582
1557651096,7,85065,143451647
1557651096,8,19371,143471018
1557651096,9,94552,143565570
1557651396,0,13539,143579109
1557651396,1,4866,143583975
1557651396,2,46859,143630834
1557651396,3,81837,143712671
1557651396,4,78527,143791198
1557651396,5,75822,143867020
1557651396,6,81307,143948327
1557651396,7,67177,144015504
1557651396,8,42434,144057938
1557651396,9,24122,144082060
1557651696,0,53217,144135277
1557651696,1,57231,144192508
1557651696,2,58265,144250773
1557651696,3,80828,144331601
1557651696,4,33923,144365524
1557651696,5,29694,144395218
1557651696,6,10005,144405223
1557651696,7,37386,144442609
1557651696,8,39546,144482155
1557651696,9,24789,144506944
1557651996,0,5865,144512809
1557651996,1,57820,144570629
1557651996,2,32947,144603576
1557651996,3,42224,144645800
1557651996,4,13053,144658853
1557651996,5,86700,144745553
1557651996,6,28558,144774111
1557651996,7,5509,144779620
1557651996,8,5717,144785337
1557651996,9,9123,144794460
1557652296,0,1921,144796381
1557652296,1,26450,144822831
1557652296,2,39466,144862297
1557652296,3,66547,144928844
1557652296,4,52273,144981117
1557652296,5,21164,145002281
1557652296,6,10422,145012703
1557652296,7,67687,145080390
1557652296,8,66302,145146692
1557652296,9,6732,145153424
1557652596,0,66010,145219434
1557652596,1,98410,145317844
1557652596,2,69226,145387070
1557652596,3,10326,145397396
1557652596,4,10269,145407665
1557652596,5,43890,145451555
1557652596,6,50824,145502379
1557652596,7,93105,145595484
1557652596,8,89724,145685208
1557652596,9,82395,145767603
1557652896,0,58219,145825822
1557652896,1,26517,145852339
1557652896,2,85550,145937889
1557652896,3,70025,146007914
1557652896,4,88980,146096894
1557652896,5,93237,146190131
1557652896,6,58807,146248938
1557652896,7,5955,146254893
1557652896,8,18129,146273022
1557652896,9,24140,146297162
1557653196,0,74916,146372078
1557653196,1,5624,146377702
1557653196,2,22468,146400170
1557653196,3,50339,146450509
1557653196,4,66847,146517356
1557653196,5,25028,146542384
1557653196,6,3270,146545654
1557653196,7,6968,146552622
1557653196,8,95794,146648416
1557653196,9,46608,146695024
1557653496,0,17675,146712699
1557653496,1,9337,146722036
1557653496,2,59737,146781773
1557653496,3,32979,146814752
1557653496,4,6487,146821239
1557653496,5,13683,146834922
1557653496,6,37115,146872037
1557653496,7,8029,146880066
1557653496,8,20161,146900227
1557653496,9,35954,146936181
1557653796,0,49236,146985417
1557653796,1,17090,147002507
1557653796,2,39716,147042223
1557653796,3,1105,147043328
1557653796,4,60003,147103331
1557653796,5,54193,147157524
1557653796,6,12450,147169974
1557653796,7,13766,147183740
1557653796,8,19973,147203713
1557653796,9,50569,147254282
1557654096,0,28580,147282862
1557654096,1,66231,147349093
1557654096,2,94454,147443547
1557654096,3,62956,147506503
1557654096,4,45834,147552337
1557654096,5,81437,147633774
1557654096,6,76484,147710258
1557654096,7,68922,147779180
1557654096,8,58333,147837513
1557654096,9,18280,147855793
1557654396,0,47104,147902897
1557654396,1,57148,147960045
1557654396,2,59309,148019354
1557654396,3,5510,148024864
1557654396,4,53991,148078855
1557654396,5,14210,148093065
1557654396,6,21084,148114149
1557654396,7,92810,148206959
1557654396,8,47734,148254693
1557654396,9,25290,148279983
1557654696,0,23511,148303494
1557654696,1,78660,148382154
1557654696,2,47635,148429789
1557654696,3,22539,148452328
1557654696,4,14870,148467198
1557654696,5,19032,148486230
1557654696,6,7358,148493588
1557654696,7,21493,148515081
1557654696,8,39316,148554397
1557654696,9,58473,148612870
1557654996,0,74188,148687058
1557654996,1,65724,148752782
1557654996,2,30001,148782783
1557654996,3,75636,148858419
1557654996,4,53675,148912094
1557654996,5,25848,148937942
1557654996,6,80293,149018235
1557654996,7,90544,149108779
1557654996,8,64346,149173125
1557654996,9,46717,149219842
1557655296,0,57353,149277195
1557655296,1,96804,149373999
1557655296,2,34359,149408358
1557655296,3,59764,149468122
1557655296,4,38747,149506869
1557655296,5,79272,149586141
1557655296,6,65385,149651526
1557655296,7,17879,149669405
1557655296,8,46646,149716051
1557655296,9,78201,149794252
1557655596,0,43642,149837894
1557655596,1,1404,149839298
1557655596,2,13937,149853235
1557655596,3,85792,149939027
1557655596,4,35864,149974891
1557655596,5,51747,150026638
1557655596,6,83734,150110372
1557655596,7,70168,150180540
1557655596,8,51323,150231863
1557655596,9,63713,150295576
1557655896,0,70028,150365604
1557655896,1,4114,150369718
1557655896,2,83766,150453484
1557655896,3,50686,150504170
1557655896,4,71248,150575418
1557655896,5,38056,150613474
1557655896,6,11405,150624879
1557655896,7,63154,150688033
1557655896,8,67159,150755192
1557655896,9,34036,150789228
1557656196,0,48657,150837885
1557656196,1,90208,150928093
1557656196,2,21522,150949615
1557656196,3,45041,150994656
1557656196,4,21,150994677
1557656196,5,37589,151032266
1557656196,6,38582,151070848
1557656196,7,89949,151160797
1557656196,8,14855,151175652
1557656196,9,59425,151235077
1557656496,0,13467,151248544
1557656496,1,24918,151273462
1557656496,2,54699,151328161
1557656496,3,1450,151329611
1557656496,4,56101,151385712
1557656496,5,96981,151482693
1557656496,6,95816,151578509
1557656496,7,47380,151625889
1557656496,8,33356,151659245
1557656496,9,74145,151733390
1557656796,0,9189,151742579
1557656796,1,9923,151752502
1557656796,2,6728,151759230
1557656796,3,86575,151845805
1557656796,4,5689,151851494
1557656796,5,44268,151895762
1557656796,6,25657,151921419
1557656796,7,8649,151930068
1557656796,8,42998,151973066
1557656796,9,52995,152026061
1557657096,0,55731,152081792
1557657096,1,75282,152157074
1557657096,2,80890,152237964
1557657096,3,51165,152289129
1557657096,4,29556,152318685
1557657096,5,1047,152319732
1557657096,6,58098,152377830
1557657096,7,78566,152456396
1557657096,8,65608,152522004
1557657096,9,70545,152592549
1557657396,0,89729,152682278
1557657396,1,49380,152731658
1557657396,2,25508,152757166
1557657396,3,96789,152853955
1557657396,4,66697,152920652
1557657396,5,74497,152995149
1557657396,6,54054,153049203
1557657396,7,24331,153073534
1557657396,8,68911,153142445
1557657396,9,48300,153190745
1557657696,0,49819,153240564
1557657696,1,13942,153254506
1557657696,2,70643,153325149
1557657696,3,98133,153423282
1557657696,4,15275,153438557
1557657696,5,13314,153451871
1557657696,6,15572,153467443
1557657696,7,33585,153501028
1557657696,8,90254,153591282
1557657696,9,89256,153680538
1557657996,0,37291,153717829
1557657996,1,25824,153743653
1557657996,2,15974,153759627
1557657996,3,95077,153854704
1557657996,4,24563,153879267
1557657996,5,57958,153937225
1557657996,6,2979,153940204
1557657996,7,93266,154033470
1557657996,8,84966,154118436
1557657996,9,49097,154167533
1557658296,0,89703,154257236
1557658296,1,66519,154323755
1557658296,2,33251,154357006
1557658296,3,76293,154433299
1557658296,4,33677,154466976
1557658296,5,40425,154507401
1557658296,6,63240,154570641
1557658296,7,4123,154574764
1557658296,8,43869,154618633
1557658296,9,79307,154697940
1557658596,0,64240,154762180
1557658596,1,33585,154795765
1557658596,2,79895,154875660
1557658596,3,52251,154927911
1557658596,4,49049,154976960
1557658596,5,90424,155067384
1557658596,6,37814,155105198
1557658596,7,97455,155202653
1557658596,8,24025,155226678
1557658596,9,96433,155323111
1557658896,0,13307,155336418
1557658896,1,99934,155436352
1557658896,2,50834,155487186
1557658896,3,97121,155584307
1557658896,4,51445,155635752
1557658896,5,90272,155726024
1557658896,6,81454,155807478
1557658896,7,98806,155906284
1557658896,8,25028,155931312
1557658896,9,75237,156006549
1557659196,0,56233,156062782
1557659196,1,36653,156099435
1557659196,2,69240,156168675
1557659196,3,92259,156260934
1557659196,4,19848,156280782
1557659196,5,58603,156339385
1557659196,6,39925,156379310
1557659196,7,97496,156476806
1557659196,8,83473,156560279
1557659196,9,59064,156619343
1557659496,0,95376,156714719
1557659496,1,76017,156790736
1557659496,2,50944,156841680
1557659496,3,85202,156926882
1557659496,4,17574,156944456
1557659496,5,69535,157013991
1557659496,6,59797,157073788
1557659496,7,64842,157138630
1557659496,8,96086,157234716
1557659496,9,26424,157261140
1557659796,0,64578,157325718
1557659796,1,92264,157417982
1557659796,2,67520,157485502
1557659796,3,59151,157544653
1557659796,4,39445,157584098
1557659796,5,28745,157612843
1557659796,6,89331,157702174
1557659796,7,40685,157742859
1557659796,8,31459,157774318
1557659796,9,98348,157872666
1557660096,0,43012,157915678
1557660096,1,52660,157968338
1557660096,2,38794,158007132
1557660096,3,76011,158083143
1557660096,4,44477,158127620
1557660096,5,65505,158193125
1557660096,6,33894,158227019
1557660096,7,91478,158318497
1557660096,8,70539,158389036
1557660096,9,96124,158485160
1557660396,0,9438,158494598
1557660396,1,39387,158533985
1557660396,2,19867,158553852
1557660396,3,2035,158555887
1557660396,4,96026,158651913
1557660396,5,36101,158688014
1557660396,6,29644,158717658
1557660396,7,92886,158810544
1557660396,8,36714,158847258
1557660396,9,29056,158876314
1557660696,0,13039,158889353
1557660696,1,94665,158984018
1557660696,2,92596,159076614
1557660696,3,3866,159080480
1557660696,4,76978,159157458
1557660696,5,30810,159188268
1557660696,6,38527,159226795
1557660696,7,76336,159303131
1557660696,8,78458,159381589
1557660696,9,94595,159476184
1557660996,0,54111,159530295
1557660996,1,20486,159550781
1557660996,2,80413,159631194
1557660996,3,91182,159722376
1557660996,4,65926,159788302
1557660996,5,41677,159829979
1557660996,6,99428,159929407
1557660996,7,78542,160007949
1557660996,8,54827,160062776
1557660996,9,13904,160076680
1557661296,0,37940,160114620
1557661296,1,75472,160190092
1557661296,2,22625,160212717
1557661296,3,34852,160247569
1557661296,4,63798,160311367
1557661296,5,75707,160387074
1557661296,6,48155,160435229
1557661296,7,75528,160510757
1557661296,8,79618,160590375
1557661296,9,41138,160631513
1557661596,0,90345,160721858
1557661596,1,19750,160741608
1557661596,2,86572,160828180
1557661596,3,3984,160832164
1557661596,4,42790,160874954
1557661596,5,50684,160925638
1557661596,6,20753,160946391
1557661596,7,77402,161023793
1557661596,8,99349,161123142
1557661596,9,77423,161200565
1557661896,0,66036,161266601
1557661896,1,92658,161359259
1557661896,2,39565,161398824
1557661896,3,4213,161403037
1557661896,4,28272,161431309
1557661896,5,76177,161507486
1557661896,6,27029,161534515
1557661896,7,5552,161540067
1557661896,8,45734,161585801
1557661896,9,19547,161605348
1557662196,0,79193,161684541
1557662196,1,24894,161709435
1557662196,2,65226,161774661
1557662196,3,68292,161842953
1557662196,4,59782,161902735
1557662196,5,56267,161959002
1557662196,6,20840,161979842
1557662196,7,56436,162036278
1557662196,8,35987,162072265
1557662196,9,12343,162084608
1557662496,0,37248,162121856
1557662496,1,58069,162179925
1557662496,2,71640,162251565
1557662496,3,17725,162269290
1557662496,4,22963,162292253
1557662496,5,43973,162336226
1557662496,6,79387,162415613
1557662496,7,10304,162425917
1557662496,8,26938,162452855
1557662496,9,86833,162539688
1557662796,0,71316,162611004
1557662796,1,50350,162661354
1557662796,2,31731,162693085
1557662796,3,55936,162749021
1557662796,4,10156,162759177
1557662796,5,792,162759969
1557662796,6,32383,162792352
1557662796,7,41819,162834171
1557662796,8,41202,162875373
1557662796,9,4156,162879529
1557663096,0,35442,162914971
1557663096,1,43459,162958430
1557663096,2,66121,163024551
1557663096,3,75122,163099673
1557663096,4,21770,163121443
1557663096,5,43595,163165038
1557663096,6,6256,163171294
1557663096,7,91907,163263201
1557663096,8,54250,163317451
1557663096,9,71163,163388614
1557663396,0,95253,163483867
1557663396,1,7654,163491521
1557663396,2,75032,163566553
1557663396,3,12579,163579132
1557663396,4,29913,163609045
1557663396,5,96989,163706034
1557663396,6,38771,163744805
1557663396,7,77116,163821921
1557663396,8,10532,163832453
1557663396,9,90334,163922787
1557663696,0,89881,164012668
1557663696,1,45874,164058542
1557663696,2,18142,164076684
1557663696,3,15519,164092203
1557663696,4,24980,164117183
1557663696,5,46311,164163494
1557663696,6,79410,164242904
1557663696,7,58242,164301146
1557663696,8,72793,164373939
1557663696,9,96155,164470094
1557663996,0,31018,164501112
1557663996,1,1079,164502191
1557663996,2,62069,164564260
1557663996,3,57362,164621622
1557663996,4,18529,164640151
1557663996,5,45885,164686036
1557663996,6,92566,164778602
1557663996,7,64698,164843300
1557663996,8,53641,164896941
1557663996,9,11813,164908754
1557664296,0,69654,164978408
1557664296,1,91935,165070343
1557664296,2,32454,165102797
1557664296,3,17024,165119821
1557664296,4,88172,165207993
1557664296,5,94249,165302242
1557664296,6,91467,165393709
1557664296,7,39689,165433398
1557664296,8,15939,165449337
1557664296,9,68323,165517660
1557664596,0,13158,165530818
1557664596,1,49091,165579909
1557664596,2,34965,165614874
1557664596,3,20784,165635658
1557664596,4,35874,165671532
1557664596,5,34753,165706285
1557664596,6,15144,165721429
1557664596,7,88139,165809568
1557664596,8,69449,165879017
1557664596,9,7015,165886032
1557664896,0,20639,165906671
1557664896,1,44202,165950873
1557664896,2,32331,165983204
1557664896,3,58230,166041434
1557664896,4,32514,166073948
1557664896,5,86515,166160463
1557664896,6,66061,166226524
1557664896,7,7696,166234220
1557664896,8,48725,166282945
1557664896,9,28636,166311581
1557665196,0,83044,166394625
1557665196,1,3734,166398359
1557665196,2,16724,166415083
1557665196,3,11222,166426305
1557665196,4,97933,166524238
1557665196,5,76026,166600264
1557665196,6,48861,166649125
1557665196,7,58457,166707582
1557665196,8,43640,166751222
1557665196,9,92287,166843509
1557665496,0,67364,166910873
1557665496,1,88848,166999721
1557665496,2,95945,167095666
1557665496,3,46580,167142246
1557665496,4,26459,167168705
1557665496,5,55426,167224131
1557665496,6,28932,167253063
1557665496,7,27754,167280817
1557665496,8,19005,167299822
1557665496,9,63536,167363358
1557665796,0,19037,167382395
1557665796,1,78275,167460670
1557665796,2,70385,167531055
1557665796,3,24931,167555986
1557665796,4,75849,167631835
1557665796,5,32621,167664456
1557665796,6,97889,167762345
1557665796,7,6784,167769129
1557665796,8,68990,167838119
1557665796,9,54908,167893027
1557666096,0,1277,167894304
1557666096,1,63657,167957961
1557666096,2,35665,167993626
1557666096,3,44457,168038083
1557666096,4,12780,168050863
1557666096,5,30386,168081249
1557666096,6,84311,168165560
1557666096,7,57072,168222632
1557666096,8,63244,168285876
1557666096,9,18039,168303915
1557666396,0,43607,168347522
1557666396,1,96144,168443666
1557666396,2,42922,168486588
1557666396,3,83860,168570448
1557666396,4,18877,168589325
1557666396,5,42730,168632055
1557666396,6,82444,168714499
1557666396,7,17877,168732376
1557666396,8,34314,168766690
1557666396,9,42206,168808896
1557666696,0,65915,168874811
1557666696,1,21603,168896414
1557666696,2,7236,168903650
1557666696,3,85001,168988651
1557666696,4,15603,169004254
1557666696,5,56489,169060743
1557666696,6,31756,169092499
1557666696,7,36895,169129394
1557666696,8,17781,169147175
1557666696,9,24269,169171444
1557666996,0,40436,169211880
1557666996,1,22501,169234381
1557666996,2,21819,169256200
1557666996,3,86560,169342760
1557666996,4,10184,169352944
1557666996,5,24891,169377835
1557666996,6,5718,169383553
1557666996,7,74296,169457849
1557666996,8,30760,169488609
1557666996,9,28241,169516850
1557667296,0,69222,169586072
1557667296,1,89998,169676070
1557667296,2,48620,169724690
1557667296,3,91126,169815816
1557667296,4,14795,169830611
1557667296,5,30864,169861475
1557667296,6,2069,169863544
1557667296,7,81562,169945106
1557667296,8,57483,170002589
1557667296,9,7195,170009784
1557667596,0,95984,170105768
1557667596,1,54430,170160198
1557667596,2,75697,170235895
1557667596,3,90823,170326718
1557667596,4,5654,170332372
1557667596,5,15892,170348264
1557667596,6,43002,170391266
1557667596,7,96806,170488072
1557667596,8,52818,170540890
1557667596,9,32134,170573024
1557667896,0,26813,170599837
1557667896,1,29310,170629147
1557667896,2,99060,170728207
1557667896,3,38339,170766546
1557667896,4,59020,170825566
1557667896,5,88981,170914547
1557667896,6,87483,171002030
1557667896,7,48075,171050105
1557667896,8,26452,171076557
1557667896,9,28911,171105468
1557668196,0,97506,171202974
1557668196,1,90994,171293968
1557668196,2,18555,171312523
1557668196,3,10392,171322915
1557668196,4,24667,171347582
1557668196,5,78695,171426277
1557668196,6,4560,171430837
1557668196,7,61954,171492791
1557668196,8,79896,171572687
1557668196,9,95289,171667976
1557668496,0,43276,171711252
1557668496,1,70450,171781702
1557668496,2,83604,171865306
1557668496,3,91849,171957155
1557668496,4,74162,172031317
1557668496,5,42547,172073864
1557668496,6,76884,172150748
1557668496,7,23260,172174008
1557668496,8,14870,172188878
1557668496,9,57085,172245963
1557668796,0,29249,172275212
1557668796,1,32682,172307894
1557668796,2,60780,172368674
1557668796,3,39373,172408047
1557668796,4,82845,172490892
1557668796,5,81503,172572395
1557668796,6,49526,172621921
1557668796,7,97958,172719879
1557668796,8,93490,172813369
1557668796,9,2240,172815609
1557669096,0,84615,172900224
1557669096,1,14760,172914984
1557669096,2,14559,172929543
1557669096,3,84770,173014313
1557669096,4,34939,173049252
1557669096,5,64292,173113544
1557669096,6,77243,173190787
1557669096,7,45240,173236027
1557669096,8,84176,173320203
1557669096,9,56081,173376284
1557669396,0,11441,173387725
1557669396,1,418,173388143
1557669396,2,6029,173394172
1557669396,3,12739,173406911
1557669396,4,86770,173493681
1557669396,5,57717,173551398
1557669396,6,97726,173649124
1557669396,7,89666,173738790
1557669396,8,28449,173767239
1557669396,9,75655,173842894
1557669696,0,72944,173915838
1557669696,1,7939,173923777
1557669696,2,75005,173998782
1557669696,3,30310,174029092
1557669696,4,62517,174091609
1557669696,5,78274,174169883
1557669696,6,90437,174260320
1557669696,7,67819,174328139
1557669696,8,68650,174396789
1557669696,9,5035,174401824
1557669996,0,93220,174495044
1557669996,1,89446,174584490
1557669996,2,17385,174601875
1557669996,3,78396,174680271
1557669996,4,50633,174730904
1557669996,5,22765,174753669
1557669996,6,83809,174837478
1557669996,7,22296,174859774
1557669996,8,24185,174883959
1557669996,9,49976,174933935
1557670296,0,55879,174989814
1557670296,1,91882,175081696
1557670296,2,71860,175153556
1557670296,3,75701,175229257
1557670296,4,49725,175278982
1557670296,5,17673,175296655
1557670296,6,72803,175369458
1557670296,7,63902,175433360
1557670296,8,35310,175468670
1557670296,9,13091,175481761
1557670596,0,79239,175561000
1557670596,1,43505,175604505
1557670596,2,61799,175666304
1557670596,3,75566,175741870
1557670596,4,42766,175784636
1557670596,5,5,175784641
1557670596,6,48652,175833293
1557670596,7,63247,175896540
1557670596,8,45465,175942005
1557670596,9,61989,176003994
1557670896,0,53987,176057981
1557670896,1,93233,176151214
1557670896,2,58588,176209802
1557670896,3,24243,176234045
1557670896,4,33825,176267870
1557670896,5,8730,176276600
1557670896,6,35355,176311955
1557670896,7,32867,176344822
1557670896,8,89456,176434278
1557670896,9,54908,176489186
1557671196,0,58531,176547717
1557671196,1,64599,176612316
1557671196,2,39040,176651356
1557671196,3,84153,176735509
1557671196,4,12963,176748472
1557671196,5,26154,176774626
1557671196,6,77670,176852296
1557671196,7,13335,176865631
1557671196,8,64849,176930480
1557671196,9,87805,177018285
1557671496,0,73430,177091715
1557671496,1,382,177092097
1557671496,2,51775,177143872
1557671496,3,91911,177235783
1557671496,4,45972,177281755
1557671496,5,2849,177284604
1557671496,6,52820,177337424
1557671496,7,40927,177378351
1557671496,8,26485,177404836
1557671496,9,55612,177460448
1557671796,0,79300,177539748
1557671796,1,45,177539793
1557671796,2,2232,177542025
1557671796,3,12650,177554675
1557671796,4,14256,177568931
1557671796,5,9106,177578037
1557671796,6,31525,177609562
1557671796,7,16681,177626243
1557671796,8,58579,177684822
1557671796,9,97540,177782362
1557672096,0,31029,177813391
1557672096,1,47124,177860515
1557672096,2,70566,177931081
1557672096,3,66251,177997332
1557672096,4,88190,178085522
1557672096,5,11468,178096990
1557672096,6,82354,178179344
1557672096,7,8801,178188145
1557672096,8,48782,178236927
1557672096,9,97376,178334303
1557672396,0,65817,178400120
1557672396,1,22201,178422321
1557672396,2,43408,178465729
1557672396,3,17767,178483496
1557672396,4,91986,178575482
1557672396,5,94440,178669922
1557672396,6,31134,178701056
1557672396,7,58742,178759798
1557672396,8,84362,178844160
1557672396,9,65243,178909403
1557672696,0,27589,178936992
1557672696,1,13303,178950295
1557672696,2,50999,179001294
1557672696,3,85331,179086625
1557672696,4,32857,179119482
1557672696,5,74177,179193659
1557672696,6,25103,179218762
1557672696,7,10413,179229175
1557672696,8,88009,179317184
1557672696,9,65827,179383011
1557672996,0,68339,179451350
1557672996,1,72609,179523959
1557672996,2,18848,179542807
1557672996,3,60068,179602875
1557672996,4,83043,179685918
1557672996,5,75286,179761204
1557672996,6,24802,179786006
1557672996,7,38835,179824841
1557672996,8,25970,179850811
1557672996,9,22181,179872992
1557673296,0,67856,179940848
1557673296,1,48193,179989041
1557673296,2,95256,180084297
1557673296,3,561,180084858
1557673296,4,62780,180147638
1557673296,5,98024,180245662
1557673296,6,72714,180318376
1557673296,7,19937,180338313
1557673296,8,89890,180428203
1557673296,9,27395,180455598
1557673596,0,35629,180491227
1557673596,1,52883,180544110
1557673596,2,86475,180630585
1557673596,3,45559,180676144
1557673596,4,87886,180764030
1557673596,5,88181,180852211
1557673596,6,34264,180886475
1557673596,7,39497,180925972
1557673596,8,16388,180942360
1557673596,9,31069,180973429
1557673896,0,95576,181069005
1557673896,1,78967,181147972
1557673896,2,33803,181181775
1557673896,3,69092,181250867
1557673896,4,10645,181261512
1557673896,5,98707,181360219
1557673896,6,87901,181448120
1557673896,7,41305,181489425
1557673896,8,47499,181536924
1557673896,9,47966,181584890
1557674196,0,45472,181630362
1557674196,1,35123,181665485
1557674196,2,92148,181757633
1557674196,3,934,181758567
1557674196,4,39016,181797583
1557674196,5,68720,181866303
1557674196,6,40869,181907172
1557674196,7,19201,181926373
1557674196,8,36830,181963203
1557674196,9,81501,182044704
1557674496,0,47832,182092536
1557674496,1,20586,182113122
1557674496,2,6402,182119524
1557674496,3,84295,182203819
1557674496,4,84985,182288804
1557674496,5,76458,182365262
1557674496,6,70371,182435633
1557674496,7,67589,182503222
1557674496,8,23949,182527171
1557674496,9,38063,182565234
1557674796,0,55626,182620860
1557674796,1,11289,182632149
1557674796,2,70410,182702559
1557674796,3,5640,182708199
1557674796,4,53113,182761312
1557674796,5,46952,182808264
1557674796,6,73153,182881417
1557674796,7,73570,182954987
1557674796,8,69773,183024760
1557674796,9,15412,183040172
1557675096,0,91056,183131228
1557675096,1,76610,183207838
1557675096,2,50195,183258033
1557675096,3,23643,183281676
1557675096,4,45754,183327430
1557675096,5,26892,183354322
1557675096,6,47672,183401994
1557675096,7,31040,183433034
1557675096,8,23004,183456038
1557675096,9,32215,183488253
1557675396,0,86094,183574347
1557675396,1,41966,183616313
1557675396,2,18765,183635078
1557675396,3,762,183635840
1557675396,4,52205,183688045
1557675396,5,49532,183737577
1557675396,6,24257,183761834
1557675396,7,60235,183822069
1557675396,8,10915,183832984
1557675396,9,44797,183877781
1557675696,0,19533,183897314
1557675696,1,52952,183950266
1557675696,2,32107,183982373
1557675696,3,11813,183994186
1557675696,4,28230,184022416
1557675696,5,36769,184059185
1557675696,6,12191,184071376
1557675696,7,73562,184144938
1557675696,8,37362,184182300
1557675696,9,53038,184235338
1557675996,0,39796,184275134
1557675996,1,38695,184313829
1557675996,2,72947,184386776
1557675996,3,22508,184409284
1557675996,4,86302,184495586
1557675996,5,81661,184577247
1557675996,6,27011,184604258
1557675996,7,14880,184619138
1557675996,8,32881,184652019
1557675996,9,42088,184694107
1557676296,0,96664,184790771
1557676296,1,30545,184821316
1557676296,2,57402,184878718
1557676296,3,91013,184969731
1557676296,4,87926,185057657
1557676296,5,26316,185083973
1557676296,6,45356,185129329
1557676296,7,15129,185144458
1557676296,8,54745,185199203
1557676296,9,37821,185237024
1557676596,0,10843,185247867
1557676596,1,72924,185320791
1557676596,2,2395,185323186
1557676596,3,22139,185345325
1557676596,4,96766,185442091
1557676596,5,13256,185455347
1557676596,6,79853,185535200
1557676596,7,21630,185556830
1557676596,8,42183,185599013
1557676596,9,98368,185697381
1557676896,0,2652,185700033
1557676896,1,79848,185779881
1557676896,2,33601,185813482
1557676896,3,25766,185839248
1557676896,4,32212,185871460
1557676896,5,11739,185883199
1557676896,6,99639,185982838
1557676896,7,54779,186037617
1557676896,8,70454,186108071
1557676896,9,17957,186126028
1557677196,0,81771,186207799
1557677196,1,72586,186280385
1557677196,2,82440,186362825
1557677196,3,23916,186386741
1557677196,4,71413,186458154
1557677196,5,9995,186468149
1557677196,6,33823,186501972
1557677196,7,31284,186533256
1557677196,8,55066,186588322
1557677196,9,11237,186599559
1557677496,0,85351,186684910
1557677496,1,82807,186767717
1557677496,2,48792,186816509
1557677496,3,22052,186838561
1557677496,4,71686,186910247
1557677496,5,71380,186981627
1557677496,6,62527,187044154
1557677496,7,37533,187081687
1557677496,8,46661,187128348
1557677496,9,46687,187175035
1557677796,0,31825,187206860
1557677796,1,35870,187242730
1557677796,2,9575,187252305
1557677796,3,33084,187285389
1557677796,4,18899,187304288
1557677796,5,89412,187393700
1557677796,6,96043,187489743
1557677796,7,70013,187559756
1557677796,8,29615,187589371
1557677796,9,47103,187636474
1557678096,0,77938,187714412
1557678096,1,85209,187799621
1557678096,2,16625,187816246
1557678096,3,59154,187875400
1557678096,4,61097,187936497
1557678096,5,23848,187960345
1557678096,6,7040,187967385
1557678096,7,80983,188048368
1557678096,8,62730,188111098
1557678096,9,51353,188162451
1557678396,0,56924,188219375
1557678396,1,57097,188276472
1557678396,2,3506,188279978
1557678396,3,31950,188311928
1557678396,4,24087,188336015
1557678396,5,25657,188361672
1557678396,6,33232,188394904
1557678396,7,14436,188409340
1557678396,8,30742,188440082
1557678396,9,6786,188446868
1557678696,0,19261,188466129
1557678696,1,17787,188483916
1557678696,2,61305,188545221
1557678696,3,69208,188614429
1557678696,4,7565,188621994
1557678696,5,42339,188664333
1557678696,6,64873,188729206
1557678696,7,53500,188782706
1557678696,8,13054,188795760
1557678696,9,75854,188871614
1557678996,0,13549,188885163
1557678996,1,50452,188935615
1557678996,2,40829,188976444
1557678996,3,29823,189006267
1557678996,4,91311,189097578
1557678996,5,99596,189197174
1557678996,6,94217,189291391
1557678996,7,46878,189338269
1557678996,8,8584,189346853
1557678996,9,27131,189373984
1557679296,0,41003,189414987
1557679296,1,53647,189468634
1557679296,2,80430,189549064
1557679296,3,36184,189585248
1557679296,4,97736,189682984
1557679296,5,23102,189706086
1557679296,6,44348,189750434
1557679296,7,2189,189752623
1557679296,8,5777,189758400
1557679296,9,65033,189823433
1557679596,0,7042,189830475
1557679596,1,20766,189851241
1557679596,2,72598,189923839
1557679596,3,33875,189957714
1557679596,4,98815,190056529
1557679596,5,56348,190112877
1557679596,6,76643,190189520
1557679596,7,40728,190230248
1557679596,8,67479,190297727
1557679596,9,82090,190379817
1557679896,0,61188,190441005
1557679896,1,87798,190528803
1557679896,2,83405,190612208
1557679896,3,88652,190700860
1557679896,4,72544,190773404
1557679896,5,59132,190832536
1557679896,6,60618,190893154
1557679896,7,68021,190961175
1557679896,8,66240,191027415
1557679896,9,26630,191054045
1557680196,0,10643,191064688
1557680196,1,67828,191132516
1557680196,2,96583,191229099
1557680196,3,23143,191252242
1557680196,4,15307,191267549
1557680196,5,88660,191356209
1557680196,6,50784,191406993
1557680196,7,55707,191462700
1557680196,8,12140,191474840
1557680196,9,47906,191522746
1557680496,0,1272,191524018
1557680496,1,38718,191562736
1557680496,2,75360,191638096
1557680496,3,11666,191649762
1557680496,4,84404,191734166
1557680496,5,34328,191768494
1557680496,6,37015,191805509
1557680496,7,20123,191825632
1557680496,8,29800,191855432
1557680496,9,9610,191865042
1557680796,0,13918,191878960
1557680796,1,17624,191896584
1557680796,2,27297,191923881
1557680796,3,9072,191932953
1557680796,4,99856,192032809
1557680796,5,93267,192126076
1557680796,6,25952,192152028
1557680796,7,24055,192176083
1557680796,8,64861,192240944
1557680796,9,10814,192251758
1557681096,0,81478,192333236
1557681096,1,81787,192415023
1557681096,2,71985,192487008
1557681096,3,28519,192515527
1557681096,4,32898,192548425
1557681096,5,844,192549269
1557681096,6,55596,192604865
1557681096,7,11563,192616428
1557681096,8,26527,192642955
1557681096,9,70857,192713812
1557681396,0,26072,192739884
1557681396,1,27261,192767145
1557681396,2,11755,192778900
1557681396,3,97007,192875907
1557681396,4,61084,192936991
1557681396,5,60813,192997804
1557681396,6,14028,193011832
1557681396,7,29322,193041154
1557681396,8,9019,193050173
1557681396,9,82042,193132215
1557681696,0,4569,193136784
1557681696,1,46408,193183192
1557681696,2,16482,193199674
1557681696,3,3793,193203467
1557681696,4,6229,193209696
1557681696,5,61923,193271619
1557681696,6,85332,193356951
1557681696,7,72013,193428964
1557681696,8,77992,193506956
1557681696,9,40191,193547147
1557681996,0,27853,193575000
1557681996,1,9664,193584664
1557681996,2,47233,193631897
1557681996,3,43150,193675047
1557681996,4,49143,193724190
1557681996,5,31031,193755221
1557681996,6,24139,193779360
1557681996,7,66892,193846252
1557681996,8,7746,193853998
1557681996,9,3183,193857181
1557682296,0,25331,193882512
1557682296,1,72479,193954991
1557682296,2,79137,194034128
1557682296,3,19540,194053668
1557682296,4,9730,194063398
1557682296,5,77626,194141024
1557682296,6,81888,194222912
1557682296,7,7531,194230443
1557682296,8,72033,194302476
1557682296,9,88758,194391234
1557682596,0,63044,194454278
1557682596,1,36018,194490296
1557682596,2,93961,194584257
1557682596,3,29114,194613371
1557682596,4,39583,194652954
1557682596,5,8813,194661767
1557682596,6,47734,194709501
1557682596,7,29675,194739176
1557682596,8,14156,194753332
1557682596,9,94765,194848097
1557682896,0,99397,194947494
1557682896,1,27717,194975211
1557682896,2,57183,195032394
1557682896,3,66543,195098937
1557682896,4,60023,195158960
1557682896,5,30621,195189581
1557682896,6,91085,195280666
1557682896,7,64428,195345094
1557682896,8,61690,195406784
1557682896,9,3163,195409947
1557683196,0,17380,195427327
1557683196,1,24693,195452020
1557683196,2,94680,195546700
1557683196,3,7911,195554611
1557683196,4,83643,195638254
1557683196,5,73069,195711323
1557683196,6,88089,195799412
1557683196,7,74288,195873700
1557683196,8,66609,195940309
1557683196,9,94331,196034640
1557683496,0,76962,196111602
1557683496,1,70392,196181994
1557683496,2,47970,196229964
1557683496,3,26142,196256106
1557683496,4,41246,196297352
1557683496,5,20514,196317866
1557683496,6,64858,196382724
1557683496,7,63964,196446688
1557683496,8,98213,196544901
1557683496,9,79047,196623948
1557683796,0,40952,196664900
1557683796,1,85911,196750811
1557683796,2,13771,196764582
1557683796,3,52966,196817548
1557683796,4,95169,196912717
1557683796,5,41950,196954667
1557683796,6,11892,196966559
1557683796,7,32816,196999375
1557683796,8,94704,197094079
1557683796,9,10029,197104108
1557684096,0,31139,197135247
1557684096,1,99878,197235125
1557684096,2,94783,197329908
1557684096,3,30362,197360270
1557684096,4,51857,197412127
1557684096,5,74880,197487007
1557684096,6,92716,197579723
1557684096,7,27821,197607544
1557684096,8,34175,197641719
1557684096,9,39518,197681237
1557684396,0,56753,197737990
1557684396,1,34081,197772071
1557684396,2,99064,197871135
1557684396,3,13922,197885057
1557684396,4,99284,197984341
1557684396,5,79441,198063782
1557684396,6,41501,198105283
1557684396,7,18298,198123581
1557684396,8,69511,198193092
1557684396,9,41012,198234104
1557684696,0,79659,198313763
1557684696,1,80387,198394150
1557684696,2,25080,198419230
1557684696,3,38130,198457360
1557684696,4,81719,198539079
1557684696,5,2530,198541609
1557684696,6,84577,198626186
1557684696,7,87047,198713233
1557684696,8,98744,198811977
1557684696,9,32800,198844777
1557684996,0,63895,198908672
1557684996,1,97577,199006249
1557684996,2,10164,199016413
1557684996,3,60214,199076627
1557684996,4,59933,199136560
1557684996,5,21921,199158481
1557684996,6,8994,199167475
1557684996,7,26638,199194113
1557684996,8,48392,199242505
1557684996,9,35826,199278331
1557685296,0,29127,199307458
1557685296,1,64856,199372314
1557685296,2,91254,199463568
1557685296,3,58474,199522042
1557685296,4,58801,199580843
1557685296,5,61550,199642393
1557685296,6,7144,199649537
1557685296,7,8496,199658033
1557685296,8,7852,199665885
1557685296,9,26535,199692420
1557685596,0,47471,199739891
1557685596,1,22793,199762684
1557685596,2,37539,199800223
1557685596,3,54751,199854974
1557685596,4,63432,199918406
1557685596,5,30001,199948407
1557685596,6,41407,199989814
1557685596,7,23506,200013320
1557685596,8,70598,200083918
1557685596,9,3423,200087341
1557685896,0,10763,200098104
1557685896,1,73534,200171638
1557685896,2,73349,200244987
1557685896,3,43698,200288685
1557685896,4,77199,200365884
1557685896,5,18621,200384505
1557685896,6,80952,200465457
1557685896,7,19079,200484536
1557685896,8,89852,200574388
1557685896,9,90082,200664470
1557686196,0,74714,200739184
1557686196,1,61508,200800692
1557686196,2,93183,200893875
1557686196,3,76354,200970229
1557686196,4,58449,201028678
1557686196,5,39709,201068387
1557686196,6,37880,201106267
1557686196,7,48504,201154771
1557686196,8,76732,201231503
1557686196,9,13579,201245082
1557686496,0,36614,201281696
1557686496,1,76463,201358159
1557686496,2,3074,201361233
1557686496,3,94261,201455494
1557686496,4,3764,201459258
1557686496,5,49955,201509213
1557686496,6,76545,201585758
1557686496,7,17575,201603333
1557686496,8,56421,201659754
1557686496,9,91112,201750866
1557686796,0,92754,201843620
1557686796,1,54792,201898412
1557686796,2,80277,201978689
1557686796,3,42648,202021337
1557686796,4,22402,202043739
1557686796,5,86027,202129766
1557686796,6,43392,202173158
1557686796,7,75189,202248347
1557686796,8,49461,202297808
1557686796,9,6971,202304779
1557687096,0,56449,202361228
1557687096,1,86299,202447527
1557687096,2,4084,202451611
1557687096,3,8586,202460197
1557687096,4,4386,202464583
1557687096,5,47519,202512102
1557687096,6,94481,202606583
1557687096,7,87258,202693841
1557687096,8,78043,202771884
1557687096,9,17734,202789618
1557687396,0,69216,202858834
1557687396,1,30046,202888880
1557687396,2,57334,202946214
1557687396,3,93689,203039903
1557687396,4,9939,203049842
1557687396,5,80300,203130142
1557687396,6,76379,203206521
1557687396,7,46639,203253160
1557687396,8,28470,203281630
1557687396,9,28452,203310082
1557687696,0,79534,203389616
1557687696,1,30435,203420051
1557687696,2,36716,203456767
1557687696,3,86387,203543154
1557687696,4,5442,203548596
1557687696,5,42740,203591336
1557687696,6,44263,203635599
1557687696,7,63019,203698618
1557687696,8,73834,203772452
1557687696,9,46863,203819315
1557687996,0,99363,203918678
1557687996,1,13946,203932624
1557687996,2,90815,204023439
1557687996,3,13273,204036712
1557687996,4,68940,204105652
1557687996,5,6259,204111911
1557687996,6,380,204112291
1557687996,7,13554,204125845
1557687996,8,79582,204205427
1557687996,9,21686,204227113
1557688296,0,97634,204324747
1557688296,1,34922,204359669
1557688296,2,29324,204388993
1557688296,3,31503,204420496
1557688296,4,11302,204431798
1557688296,5,75611,204507409
1557688296,6,34796,204542205
1557688296,7,69738,204611943
1557688296,8,75721,204687664
1557688296,9,60387,204748051
1557688596,0,71575,204819626
1557688596,1,27542,204847168
1557688596,2,76356,204923524
1557688596,3,21183,204944707
1557688596,4,31158,204975865
1557688596,5,48961,205024826
1557688596,6,44300,205069126
1557688596,7,94772,205163898
1557688596,8,20982,205184880
1557688596,9,602,205185482
1557688896,0,836,205186318
1557688896,1,32872,205219190
1557688896,2,29530,205248720
1557688896,3,92978,205341698
1557688896,4,20428,205362126
1557688896,5,92766,205454892
1557688896,6,99304,205554196
1557688896,7,46285,205600481
1557688896,8,33602,205634083
1557688896,9,60224,205694307
1557689196,0,74458,205768765
1557689196,1,61417,205830182
1557689196,2,20301,205850483
1557689196,3,69230,205919713
1557689196,4,87411,206007124
1557689196,5,71788,206078912
1557689196,6,75763,206154675
1557689196,7,40087,206194762
1557689196,8,11067,206205829
1557689196,9,82639,206288468
1557689496,0,77760,206366228
1557689496,1,89567,206455795
1557689496,2,21689,206477484
1557689496,3,72729,206550213
1557689496,4,94934,206645147
1557689496,5,64132,206709279
1557689496,6,44680,206753959
1557689496,7,19239,206773198
1557689496,8,90616,206863814
1557689496,9,88110,206951924
1557689796,0,1331,206953255
1557689796,1,74765,207028020
1557689796,2,39184,207067204
1557689796,3,90620,207157824
1557689796,4,57195,207215019
1557689796,5,39160,207254179
1557689796,6,5624,207259803
1557689796,7,43452,207303255
1557689796,8,23422,207326677
1557689796,9,17179,207343856
1557690096,0,93528,207437384
1557690096,1,343,207437727
1557690096,2,75702,207513429
1557690096,3,6266,207519695
1557690096,4,45360,207565055
1557690096,5,39950,207605005
1557690096,6,11927,207616932
1557690096,7,76652,207693584
1557690096,8,80115,207773699
1557690096,9,20072,207793771
1557690396,0,32720,207826491
1557690396,1,62923,207889414
1557690396,2,62740,207952154
1557690396,3,44181,207996335
1557690396,4,85939,208082274
1557690396,5,5509,208087783
1557690396,6,97020,208184803
1557690396,7,80141,208264944
1557690396,8,85754,208350698
1557690396,9,59024,208409722
1557690696,0,45288,208455010
1557690696,1,75858,208530868
1557690696,2,92394,208623262
1557690696,3,36360,208659622
1557690696,4,71725,208731347
1557690696,5,81177,208812524
1557690696,6,20792,208833316
1557690696,7,84203,208917519
1557690696,8,95324,209012843
1557690696,9,16351,209029194
1557690996,0,40088,209069282
1557690996,1,33286,209102568
1557690996,2,39365,209141933
1557690996,3,87901,209229834
1557690996,4,69381,209299215
1557690996,5,99120,209398335
1557690996,6,33903,209432238
1557690996,7,80798,209513036
1557690996,8,16433,209529469
1557690996,9,4771,209534240
1557691296,0,43963,209578203
1557691296,1,46851,209625054
1557691296,2,6926,209631980
1557691296,3,10409,209642389
1557691296,4,32839,209675228
1557691296,5,42064,209717292
1557691296,6,41908,209759200
1557691296,7,46352,209805552
1557691296,8,60307,209865859
1557691296,9,28433,209894292
1557691596,0,21346,209915638
1557691596,1,35002,209950640
1557691596,2,49688,210000328
1557691596,3,54389,210054717
1557691596,4,29360,210084077
1557691596,5,5251,210089328
1557691596,6,73324,210162652
1557691596,7,97136,210259788
1557691596,8,40400,210300188
1557691596,9,38605,210338793
1557691896,0,7112,210345905
1557691896,1,22907,210368812
1557691896,2,34896,210403708
1557691896,3,91302,210495010
1557691896,4,59804,210554814
1557691896,5,38898,210593712
1557691896,6,85079,210678791
1557691896,7,59417,210738208
1557691896,8,82779,210820987
1557691896,9,4492,210825479
1557692196,0,77134,210902613
1557692196,1,74816,210977429
1557692196,2,38390,211015819
1557692196,3,91095,211106914
1557692196,4,22575,211129489
1557692196,5,84894,211214383
1557692196,6,28770,211243153
1557692196,7,78078,211321231
1557692196,8,60339,211381570
1557692196,9,83190,211464760
1557692496,0,46915,211511675
1557692496,1,66022,211577697
1557692496,2,99316,211677013
1557692496,3,13979,211690992
1557692496,4,96296,211787288
1557692496,5,24539,211811827
1557692496,6,86216,211898043
1557692496,7,64096,211962139
1557692496,8,69263,212031402
1557692496,9,23076,212054478
1557692796,0,43117,212097595
1557692796,1,82458,212180053
1557692796,2,69615,212249668
1557692796,3,3210,212252878
1557692796,4,21267,212274145
1557692796,5,52213,212326358
1557692796,6,3838,212330196
1557692796,7,54767,212384963
1557692796,8,80236,212465199
1557692796,9,69980,212535179
1557693096,0,13303,212548482
1557693096,1,6763,212555245
1557693096,2,291,212555536
1557693096,3,6551,212562087
1557693096,4,88259,212650346
1557693096,5,83717,212734063
1557693096,6,5464,212739527
1557693096,7,72197,212811724
1557693096,8,63042,212874766
1557693096,9,23232,212897998
1557693396,0,67253,212965251
1557693396,1,198,212965449
1557693396,2,9772,212975221
1557693396,3,22577,212997798
1557693396,4,13809,213011607
1557693396,5,14829,213026436
1557693396,6,83668,213110104
1557693396,7,80529,213190633
1557693396,8,19391,213210024
1557693396,9,94478,213304502
1557693696,0,15677,213320179
1557693696,1,85109,213405288
1557693696,2,17948,213423236
1557693696,3,74713,213497949
1557693696,4,20309,213518258
1557693696,5,48656,213566914
1557693696,6,21990,213588904
1557693696,7,14991,213603895
1557693696,8,99717,213703612
1557693696,9,43189,213746801
1557693996,0,83089,213829890
1557693996,1,42857,213872747
1557693996,2,35208,213907955
1557693996,3,45968,213953923
1557693996,4,42269,213996192
1557693996,5,55566,214051758
1557693996,6,76369,214128127
1557693996,7,68755,214196882
1557693996,8,97730,214294612
1557693996,9,15389,214310001
1557694296,0,41699,214351700
1557694296,1,96595,214448295
1557694296,2,35827,214484122
1557694296,3,75396,214559518
1557694296,4,75402,214634920
1557694296,5,13197,214648117
1557694296,6,99649,214747766
1557694296,7,47022,214794788
1557694296,8,98154,214892942
1557694296,9,76614,214969556
1557694596,0,57612,215027168
1557694596,1,226,215027394
1557694596,2,9754,215037148
1557694596,3,12434,215049582
1557694596,4,50732,215100314
1557694596,5,14407,215114721
1557694596,6,53357,215168078
1557694596,7,86889,215254967
1557694596,8,6691,215261658
1557694596,9,89693,215351351
1557694896,0,69127,215420478
1557694896,1,62544,215483022
1557694896,2,38328,215521350
1557694896,3,22025,215543375
1557694896,4,25332,215568707
1557694896,5,83566,215652273
1557694896,6,91528,215743801
1557694896,7,89458,215833259
1557694896,8,18153,215851412
1557694896,9,4192,215855604
1557695196,0,28429,215884033
1557695196,1,81179,215965212
1557695196,2,33998,215999210
1557695196,3,91283,216090493
1557695196,4,11001,216101494
1557695196,5,50540,216152034
1557695196,6,26891,216178925
1557695196,7,85027,216263952
1557695196,8,32752,216296704
1557695196,9,16490,216313194
1557695496,0,43249,216356443
1557695496,1,53677,216410120
1557695496,2,25344,216435464
1557695496,3,50388,216485852
1557695496,4,45273,216531125
1557695496,5,5628,216536753
1557695496,6,51547,216588300
1557695496,7,39939,216628239
1557695496,8,1073,216629312
1557695496,9,6123,216635435
1557695796,0,32005,216667440
1557695796,1,7705,216675145
1557695796,2,77026,216752171
1557695796,3,63509,216815680
1557695796,4,57715,216873395
1557695796,5,35440,216908835
1557695796,6,40841,216949676
1557695796,7,72818,217022494
1557695796,8,3168,217025662
1557695796,9,46868,217072530
1557696096,0,14585,217087115
1557696096,1,78997,217166112
1557696096,2,24920,217191032
1557696096,3,26108,217217140
1557696096,4,33096,217250236
1557696096,5,11065,217261301
1557696096,6,28430,217289731
1557696096,7,27461,217317192
1557696096,8,90522,217407714
1557696096,9,42121,217449835
1557696396,0,5672,217455507
1557696396,1,46741,217502248
1557696396,2,39226,217541474
1557696396,3,2217,217543691
1557696396,4,73194,217616885
1557696396,5,66585,217683470
1557696396,6,45254,217728724
1557696396,7,2570,217731294
1557696396,8,11769,217743063
1557696396,9,39960,217783023
1557696696,0,50100,217833123
1557696696,1,29999,217863122
1557696696,2,31011,217894133
1557696696,3,58659,217952792
1557696696,4,31104,217983896
1557696696,5,95768,218079664
1557696696,6,39415,218119079
1557696696,7,10840,218129919
1557696696,8,73785,218203704
1557696696,9,71815,218275519
1557696996,0,11211,218286730
1557696996,1,34637,218321367
1557696996,2,818,218322185
1557696996,3,11706,218333891
1557696996,4,43101,218376992
1557696996,5,5215,218382207
1557696996,6,98498,218480705
1557696996,7,18598,218499303
1557696996,8,6386,218505689
1557696996,9,67875,218573564
1557697296,0,22436,218596000
1557697296,1,8119,218604119
1557697296,2,59944,218664063
1557697296,3,64007,218728070
1557697296,4,54513,218782583
1557697296,5,80548,218863131
1557697296,6,60695,218923826
1557697296,7,33791,218957617
1557697296,8,20447,218978064
1557697296,9,46964,219025028
1557697596,0,95183,219120211
1557697596,1,82412,219202623
1557697596,2,46293,219248916
1557697596,3,24147,219273063
1557697596,4,54627,219327690
1557697596,5,37203,219364893
1557697596,6,53905,219418798
1557697596,7,71182,219489980
1557697596,8,28091,219518071
1557697596,9,50889,219568960
1557697896,0,32587,219601547
1557697896,1,65491,219667038
1557697896,2,60533,219727571
1557697896,3,70180,219797751
1557697896,4,52561,219850312
1557697896,5,94724,219945036
1557697896,6,36764,219981800
1557697896,7,62302,220044102
1557697896,8,4555,220048657
1557697896,9,44365,220093022
1557698196,0,58624,220151646
1557698196,1,10640,220162286
1557698196,2,77104,220239390
1557698196,3,42925,220282315
1557698196,4,18813,220301128
1557698196,5,78343,220379471
1557698196,6,30641,220410112
1557698196,7,67997,220478109
1557698196,8,88440,220566549
1557698196,9,16361,220582910
1557698496,0,25994,220608904
1557698496,1,48830,220657734
1557698496,2,13490,220671224
1557698496,3,80271,220751495
1557698496,4,71973,220823468
1557698496,5,38295,220861763
1557698496,6,83679,220945442
1557698496,7,5673,220951115
1557698496,8,73267,221024382
1557698496,9,78021,221102403
1557698796,0,82629,221185032
1557698796,1,91712,221276744
1557698796,2,43815,221320559
1557698796,3,74912,221395471
1557698796,4,61371,221456842
1557698796,5,21913,221478755
1557698796,6,81713,221560468
1557698796,7,67592,221628060
1557698796,8,29889,221657949
1557698796,9,35491,221693440
1557699096,0,52477,221745917
1557699096,1,34096,221780013
1557699096,2,47152,221827165
1557699096,3,63537,221890702
1557699096,4,57472,221948174
1557699096,5,77539,222025713
1557699096,6,38840,222064553
1557699096,7,2751,222067304
1557699096,8,88344,222155648
1557699096,9,82623,222238271
1557699396,0,76438,222314709
1557699396,1,71064,222385773
1557699396,2,3391,222389164
1557699396,3,37488,222426652
1557699396,4,79271,222505923
1557699396,5,92563,222598486
1557699396,6,7795,222606281
1557699396,7,23610,222629891
1557699396,8,68478,222698369
1557699396,9,62172,222760541
1557699696,0,74530,222835071
1557699696,1,78761,222913832
1557699696,2,76102,222989934
1557699696,3,7013,222996947
1557699696,4,60724,223057671
1557699696,5,26251,223083922
1557699696,6,78428,223162350
1557699696,7,69686,223232036
1557699696,8,55308,223287344
1557699696,9,83974,223371318
1557699996,0,8113,223379431
1557699996,1,23487,223402918
1557699996,2,53186,223456104
1557699996,3,67355,223523459
1557699996,4,78453,223601912
1557699996,5,58054,223659966
1557699996,6,88721,223748687
1557699996,7,3871,223752558
1557699996,8,23310,223775868
1557699996,9,29528,223805396
1557700296,0,89873,223895269
1557700296,1,11318,223906587
1557700296,2,60274,223966861
1557700296,3,97380,224064241
1557700296,4,4658,224068899
1557700296,5,4079,224072978
1557700296,6,65233,224138211
1557700296,7,28486,224166697
1557700296,8,52553,224219250
1557700296,9,23900,224243150
1557700596,0,70272,224313422
1557700596,1,48109,224361531
1557700596,2,73687,224435218
1557700596,3,43051,224478269
1557700596,4,39126,224517395
1557700596,5,89948,224607343
1557700596,6,68124,224675467
1557700596,7,80571,224756038
1557700596,8,19853,224775891
1557700596,9,31831,224807722
1557700896,0,63314,224871036
1557700896,1,46208,224917244
1557700896,2,80101,224997345
1557700896,3,3903,225001248
1557700896,4,76328,225077576
1557700896,5,55927,225133503
1557700896,6,9169,225142672
1557700896,7,91865,225234537
1557700896,8,60383,225294920
1557700896,9,20420,225315340
1557701196,0,14606,225329946
1557701196,1,11857,225341803
1557701196,2,49182,225390985
1557701196,3,7300,225398285
1557701196,4,62390,225460675
1557701196,5,82422,225543097
1557701196,6,14020,225557117
1557701196,7,17856,225574973
1557701196,8,17689,225592662
1557701196,9,37071,225629733
1557701496,0,64721,225694454
1557701496,1,9656,225704110
1557701496,2,61603,225765713
1557701496,3,18202,225783915
1557701496,4,32022,225815937
1557701496,5,13779,225829716
1557701496,6,29505,225859221
1557701496,7,18111,225877332
1557701496,8,72567,225949899
1557701496,9,37928,225987827
1557701796,0,30692,226018519
1557701796,1,57812,226076331
1557701796,2,39693,226116024
1557701796,3,59185,226175209
1557701796,4,76848,226252057
1557701796,5,80643,226332700
1557701796,6,17818,226350518
1557701796,7,30010,226380528
1557701796,8,61117,226441645
1557701796,9,98261,226539906
1557702096,0,75618,226615524
1557702096,1,64899,226680423
1557702096,2,58728,226739151
1557702096,3,80500,226819651
1557702096,4,99111,226918762
1557702096,5,32326,226951088
1557702096,6,2653,226953741
1557702096,7,73207,227026948
1557702096,8,62603,227089551
1557702096,9,80381,227169932
1557702396,0,44288,227214220
1557702396,1,94503,227308723
1557702396,2,69986,227378709
1557702396,3,34567,227413276
1557702396,4,82217,227495493
1557702396,5,59729,227555222
1557702396,6,13553,227568775
1557702396,7,88826,227657601
1557702396,8,19774,227677375
1557702396,9,82310,227759685
1557702696,0,86356,227846041
1557702696,1,64383,227910424
1557702696,2,19883,227930307
1557702696,3,37560,227967867
1557702696,4,84772,228052639
1557702696,5,22337,228074976
1557702696,6,33822,228108798
1557702696,7,87034,228195832
1557702696,8,10424,228206256
1557702696,9,16311,228222567
1557702996,0,85652,228308219
1557702996,1,50385,228358604
1557702996,2,49285,228407889
1557702996,3,32328,228440217
1557702996,4,708,228440925
1557702996,5,79333,228520258
1557702996,6,86410,228606668
1557702996,7,98682,228705350
1557702996,8,29282,228734632
1557702996,9,86882,228821514
1557703296,0,12102,228833616
1557703296,1,88396,228922012
1557703296,2,17738,228939750
1557703296,3,48129,228987879
1557703296,4,48993,229036872
1557703296,5,41946,229078818
1557703296,6,64986,229143804
1557703296,7,49249,229193053
1557703296,8,36545,229229598
1557703296,9,96737,229326335
1557703596,0,75014,229401349
1557703596,1,2363,229403712
1557703596,2,17594,229421306
1557703596,3,75400,229496706
1557703596,4,37212,229533918
1557703596,5,67547,229601465
1557703596,6,79318,229680783
1557703596,7,74695,229755478
1557703596,8,5895,229761373
1557703596,9,10719,229772092
1557703896,0,13948,229786040
1557703896,1,20651,229806691
1557703896,2,36176,229842867
1557703896,3,19308,229862175
1557703896,4,80847,229943022
1557703896,5,15378,229958400
1557703896,6,12950,229971350
1557703896,7,45955,230017305
1557703896,8,37505,230054810
1557703896,9,44066,230098876
1557704196,0,97822,230196698
1557704196,1,86347,230283045
1557704196,2,46598,230329643
1557704196,3,89882,230419525
1557704196,4,92547,230512072
1557704196,5,32713,230544785
1557704196,6,3508,230548293
1557704196,7,81573,230629866
1557704196,8,94761,230724627
1557704196,9,93640,230818267
1557704496,0,78475,230896742
1557704496,1,77399,230974141
1557704496,2,28794,231002935
1557704496,3,20554,231023489
1557704496,4,4371,231027860
1557704496,5,13938,231041798
1557704496,6,37643,231079441
1557704496,7,99565,231179006
1557704496,8,56246,231235252
1557704496,9,94312,231329564
1557704796,0,10788,231340352
1557704796,1,11046,231351398
1557704796,2,31951,231383349
1557704796,3,20230,231403579
1557704796,4,22162,231425741
1557704796,5,21258,231446999
1557704796,6,3775,231450774
1557704796,7,10142,231460916
1557704796,8,15509,231476425
1557704796,9,41333,231517758
1557705096,0,86325,231604083
1557705096,1,73150,231677233
1557705096,2,462,231677695
1557705096,3,31654,231709349
1557705096,4,49746,231759095
1557705096,5,83966,231843061
1557705096,6,66914,231909975
1557705096,7,86776,231996751
1557705096,8,88349,232085100
1557705096,9,86973,232172073
1557705396,0,51725,232223798
1557705396,1,25370,232249168
1557705396,2,23338,232272506
1557705396,3,93394,232365900
1557705396,4,50836,232416736
1557705396,5,16128,232432864
1557705396,6,81831,232514695
1557705396,7,82457,232597152
1557705396,8,54856,232652008
1557705396,9,23201,232675209
1557705696,0,16269,232691478
1557705696,1,14614,232706092
1557705696,2,3408,232709500
1557705696,3,80942,232790442
1557705696,4,64716,232855158
1557705696,5,164,232855322
1557705696,6,15310,232870632
1557705696,7,84496,232955128
1557705696,8,71330,233026458
1557705696,9,54126,233080584
1557705996,0,38784,233119368
1557705996,1,78123,233197491
1557705996,2,301,233197792
1557705996,3,18981,233216773
1557705996,4,66673,233283446
1557705996,5,22453,233305899
1557705996,6,88130,233394029
1557705996,7,26566,233420595
1557705996,8,38066,233458661
1557705996,9,21794,233480455
1557706296,0,69895,233550350
1557706296,1,2877,233553227
1557706296,2,1201,233554428
1557706296,3,90296,233644724
1557706296,4,2223,233646947
1557706296,5,48991,233695938
1557706296,6,66307,233762245
1557706296,7,2051,233764296
1557706296,8,18715,233783011
1557706296,9,93762,233876773
1557706596,0,72663,233949436
1557706596,1,31355,233980791
1557706596,2,91855,234072646
1557706596,3,19787,234092433
1557706596,4,90353,234182786
1557706596,5,58877,234241663
1557706596,6,64775,234306438
1557706596,7,90834,234397272
1557706596,8,23320,234420592
1557706596,9,57136,234477728
1557706896,0,41900,234519628
1557706896,1,84278,234603906
1557706896,2,75210,234679116
1557706896,3,75299,234754415
1557706896,4,33103,234787518
1557706896,5,32345,234819863
1557706896,6,40841,234860704
1557706896,7,3054,234863758
1557706896,8,75756,234939514
1557706896,9,59228,234998742
1557707196,0,22750,235021492
1557707196,1,85415,235106907
1557707196,2,78704,235185611
1557707196,3,67714,235253325
1557707196,4,55160,235308485
1557707196,5,34442,235342927
1557707196,6,42942,235385869
1557707196,7,46287,235432156
1557707196,8,47323,235479479
1557707196,9,84340,235563819
1557707496,0,56373,235620192
1557707496,1,19418,235639610
1557707496,2,53484,235693094
1557707496,3,84214,235777308
1557707496,4,94656,235871964
1557707496,5,8104,235880068
1557707496,6,98836,235978904
1557707496,7,56115,236035019
1557707496,8,88475,236123494
1557707496,9,35053,236158547
1557707796,0,34678,236193225
1557707796,1,63577,236256802
1557707796,2,45073,236301875
1557707796,3,91330,236393205
1557707796,4,24168,236417373
1557707796,5,16767,236434140
1557707796,6,59937,236494077
1557707796,7,49462,236543539
1557707796,8,2600,236546139
1557707796,9,58673,236604812
1557708096,0,15928,236620740
1557708096,1,44751,236665491
1557708096,2,44873,236710364
1557708096,3,64524,236774888
1557708096,4,19635,236794523
1557708096,5,65662,236860185
1557708096,6,50535,236910720
1557708096,7,35400,236946120
1557708096,8,84811,237030931
1557708096,9,44825,237075756
1557708396,0,14316,237090072
1557708396,1,34119,237124191
1557708396,2,56785,237180976
1557708396,3,23010,237203986
1557708396,4,73815,237277801
1557708396,5,68736,237346537
1557708396,6,51585,237398122
1557708396,7,799,237398921
1557708396,8,52210,237451131
1557708396,9,59018,237510149
1557708696,0,923,237511072
1557708696,1,16437,237527509
1557708696,2,28926,237556435
1557708696,3,19201,237575636
1557708696,4,35607,237611243
1557708696,5,66097,237677340
1557708696,6,76160,237753500
1557708696,7,91240,237844740
1557708696,8,64596,237909336
1557708696,9,79066,237988402
1557708996,0,90397,238078799
1557708996,1,43268,238122067
1557708996,2,11926,238133993
1557708996,3,35310,238169303
1557708996,4,81286,238250589
1557708996,5,40074,238290663
1557708996,6,78273,238368936
1557708996,7,5449,238374385
1557708996,8,15772,238390157
1557708996,9,65116,238455273
1557709296,0,97436,238552709
1557709296,1,96630,238649339
1557709296,2,24960,238674299
1557709296,3,74680,238748979
1557709296,4,23893,238772872
1557709296,5,26671,238799543
1557709296,6,84979,238884522
1557709296,7,52613,238937135
1557709296,8,77846,239014981
1557709296,9,77096,239092077
1557709596,0,11155,239103232
1557709596,1,1952,239105184
1557709596,2,65747,239170931
1557709596,3,85080,239256011
1557709596,4,44121,239300132
1557709596,5,19606,239319738
1557709596,6,79623,239399361
1557709596,7,32578,239431939
1557709596,8,55853,239487792
1557709596,9,95682,239583474
1557709896,0,11851,239595325
1557709896,1,74594,239669919
1557709896,2,70986,239740905
1557709896,3,66663,239807568
1557709896,4,75875,239883443
1557709896,5,33299,239916742
1557709896,6,90,239916832
1557709896,7,35777,239952609
1557709896,8,71736,240024345
1557709896,9,17261,240041606
1557710196,0,30860,240072466
1557710196,1,19538,240092004
1557710196,2,2275,240094279
1557710196,3,21531,240115810
1557710196,4,70556,240186366
1557710196,5,31883,240218249
1557710196,6,97294,240315543
1557710196,7,34547,240350090
1557710196,8,300,240350390
1557710196,9,47438,240397828
1557710496,0,80560,240478388
1557710496,1,12363,240490751
1557710496,2,18758,240509509
1557710496,3,6829,240516338
1557710496,4,67817,240584155
1557710496,5,84773,240668928
1557710496,6,38376,240707304
1557710496,7,74414,240781718
1557710496,8,49990,240831708
1557710496,9,20294,240852002
1557710796,0,34883,240886885
1557710796,1,14308,240901193
1557710796,2,38615,240939808
1557710796,3,38346,240978154
1557710796,4,64015,241042169
1557710796,5,31454,241073623
1557710796,6,91075,241164698
1557710796,7,53737,241218435
1557710796,8,71025,241289460
1557710796,9,20372,241309832
1557711096,0,4882,241314714
1557711096,1,89309,241404023
1557711096,2,81535,241485558
1557711096,3,1782,241487340
1557711096,4,97207,241584547
1557711096,5,5445,241589992
1557711096,6,86875,241676867
1557711096,7,83123,241759990
1557711096,8,98235,241858225
1557711096,9,45514,241903739
1557711396,0,63550,241967289
1557711396,1,54642,242021931
1557711396,2,46294,242068225
1557711396,3,60290,242128515
1557711396,4,99044,242227559
1557711396,5,78190,242305749
1557711396,6,41681,242347430
1557711396,7,75961,242423391
1557711396,8,58281,242481672
1557711396,9,68518,242550190
1557711696,0,74188,242624378
1557711696,1,91243,242715621
1557711696,2,5107,242720728
1557711696,3,64439,242785167
1557711696,4,6235,242791402
1557711696,5,39813,242831215
1557711696,6,11319,242842534
1557711696,7,65926,242908460
1557711696,8,95180,243003640
1557711696,9,75703,243079343
1557711996,0,75266,243154609
1557711996,1,17346,243171955
1557711996,2,62191,243234146
1557711996,3,41497,243275643
1557711996,4,5594,243281237
1557711996,5,5679,243286916
1557711996,6,29850,243316766
1557711996,7,46014,243362780
1557711996,8,70472,243433252
1557711996,9,38421,243471673
1557712296,0,46663,243518336
1557712296,1,96478,243614814
1557712296,2,55788,243670602
1557712296,3,95790,243766392
1557712296,4,67529,243833921
1557712296,5,38491,243872412
1557712296,6,408,243872820
1557712296,7,13537,243886357
1557712296,8,65755,243952112
1557712296,9,4556,243956668
1557712596,0,59876,244016544
1557712596,1,93389,244109933
1557712596,2,18474,244128407
1557712596,3,93808,244222215
1557712596,4,71861,244294076
1557712596,5,60206,244354282
1557712596,6,49401,244403683
1557712596,7,54675,244458358
1557712596,8,70717,244529075
1557712596,9,92491,244621566
1557712896,0,79670,244701236
1557712896,1,58855,244760091
1557712896,2,67639,244827730
1557712896,3,70859,244898589
1557712896,4,74650,244973239
1557712896,5,43921,245017160
1557712896,6,89826,245106986
1557712896,7,49701,245156687
1557712896,8,29856,245186543
1557712896,9,74732,245261275
1557713196,0,35615,245296890
1557713196,1,51508,245348398
1557713196,2,36058,245384456
1557713196,3,34868,245419324
1557713196,4,693,245420017
1557713196,5,35631,245455648
1557713196,6,56006,245511654
1557713196,7,91088,245602742
1557713196,8,63169,245665911
1557713196,9,88098,245754009
1557713496,0,24910,245778919
1557713496,1,84574,245863493
1557713496,2,14453,245877946
1557713496,3,2327,245880273
1557713496,4,49064,245929337
1557713496,5,34205,245963542
1557713496,6,5172,245968714
1557713496,7,20523,245989237
1557713496,8,57218,246046455
1557713496,9,68474,246114929
1557713796,0,84737,246199666
1557713796,1,40022,246239688
1557713796,2,22340,246262028
1557713796,3,89644,246351672
1557713796,4,91343,246443015
1557713796,5,56512,246499527
1557713796,6,9478,246509005
1557713796,7,44826,246553831
1557713796,8,83302,246637133
1557713796,9,12480,246649613
1557714096,0,90810,246740423
1557714096,1,84236,246824659
1557714096,2,10743,246835402
1557714096,3,76056,246911458
1557714096,4,38445,246949903
1557714096,5,6633,246956536
1557714096,6,67040,247023576
1557714096,7,89697,247113273
1557714096,8,52153,247165426
1557714096,9,39216,247204642
1557714396,0,73737,247278379
1557714396,1,56646,247335025
1557714396,2,10030,247345055
1557714396,3,96786,247441841
1557714396,4,95629,247537470
1557714396,5,41039,247578509
1557714396,6,26497,247605006
1557714396,7,42726,247647732
1557714396,8,576,247648308
1557714396,9,85828,247734136
1557714696,0,27829,247761965
1557714696,1,65968,247827933
1557714696,2,50582,247878515
1557714696,3,87343,247965858
1557714696,4,16840,247982698
1557714696,5,3240,247985938
1557714696,6,32458,248018396
1557714696,7,7772,248026168
1557714696,8,33316,248059484
1557714696,9,11616,248071100
1557714996,0,35919,248107019
1557714996,1,65729,248172748
1557714996,2,5495,248178243
1557714996,3,3631,248181874
1557714996,4,7321,248189195
1557714996,5,96913,248286108
1557714996,6,48820,248334928
1557714996,7,16985,248351913
1557714996,8,22283,248374196
1557714996,9,14862,248389058
1557715296,0,4777,248393835
1557715296,1,46656,248440491
1557715296,2,1776,248442267
1557715296,3,63895,248506162
1557715296,4,18423,248524585
1557715296,5,90266,248614851
1557715296,6,76083,248690934
1557715296,7,33749,248724683
1557715296,8,99623,248824306
1557715296,9,73630,248897936
1557715596,0,25054,248922990
1557715596,1,62889,248985879
1557715596,2,68883,249054762
1557715596,3,66426,249121188
1557715596,4,72238,249193426
1557715596,5,14700,249208126
1557715596,6,3474,249211600
1557715596,7,51072,249262672
1557715596,8,25638,249288310
1557715596,9,56763,249345073
1557715896,0,47399,249392472
1557715896,1,58649,249451121
1557715896,2,61386,249512507
1557715896,3,36028,249548535
1557715896,4,90456,249638991
1557715896,5,18409,249657400
1557715896,6,1183,249658583
1557715896,7,91819,249750402
1557715896,8,18165,249768567
1557715896,9,15176,249783743
1557716196,0,18398,249802141
1557716196,1,78187,249880328
1557716196,2,68025,249948353
1557716196,3,47370,249995723
1557716196,4,30805,250026528
1557716196,5,27270,250053798
1557716196,6,28871,250082669
1557716196,7,47022,250129691
1557716196,8,39103,250168794
1557716196,9,80733,250249527
1557716496,0,94732,250344259
1557716496,1,26873,250371132
1557716496,2,38346,250409478
1557716496,3,86863,250496341
1557716496,4,58836,250555177
1557716496,5,8440,250563617
1557716496,6,429,250564046
1557716496,7,89361,250653407
1557716496,8,15054,250668461
1557716496,9,10925,250679386
1557716796,0,90018,250769404
1557716796,1,41252,250810656
1557716796,2,49136,250859792
1557716796,3,39031,250898823
1557716796,4,99201,250998024
1557716796,5,9488,251007512
1557716796,6,46017,251053529
1557716796,7,76837,251130366
1557716796,8,18541,251148907
1557716796,9,73690,251222597
1557717096,0,11388,251233985
1557717096,1,64732,251298717
1557717096,2,16485,251315202
1557717096,3,6356,251321558
1557717096,4,85026,251406584
1557717096,5,669,251407253
1557717096,6,13373,251420626
1557717096,7,80421,251501047
1557717096,8,43243,251544290
1557717096,9,46681,251590971
1557717396,0,30075,251621046
1557717396,1,86717,251707763
1557717396,2,21877,251729640
1557717396,3,49487,251779127
1557717396,4,25087,251804214
1557717396,5,84140,251888354
1557717396,6,61319,251949673
1557717396,7,40753,251990426
1557717396,8,17916,252008342
1557717396,9,50838,252059180
1557717696,0,8941,252068121
1557717696,1,44472,252112593
1557717696,2,13149,252125742
1557717696,3,47666,252173408
1557717696,4,88979,252262387
1557717696,5,89866,252352253
1557717696,6,29894,252382147
1557717696,7,31223,252413370
1557717696,8,61921,252475291
1557717696,9,7291,252482582
1557717996,0,43332,252525914
1557717996,1,12004,252537918
1557717996,2,39336,252577254
1557717996,3,91780,252669034
1557717996,4,45823,252714857
1557717996,5,51577,252766434
1557717996,6,97163,252863597
1557717996,7,71759,252935356
1557717996,8,92958,253028314
1557717996,9,39535,253067849
1557718296,0,89815,253157664
1557718296,1,5192,253162856
1557718296,2,44209,253207065
1557718296,3,94520,253301585
1557718296,4,68203,253369788
1557718296,5,81217,253451005
1557718296,6,26858,253477863
1557718296,7,40444,253518307
1557718296,8,82042,253600349
1557718296,9,47000,253647349
1557718596,0,5760,253653109
1557718596,1,11993,253665102
1557718596,2,81800,253746902
1557718596,3,68526,253815428
1557718596,4,60137,253875565
1557718596,5,50624,253926189
1557718596,6,32336,253958525
1557718596,7,90481,254049006
1557718596,8,67650,254116656
1557718596,9,41597,254158253
1557718896,0,18387,254176640
1557718896,1,51955,254228595
1557718896,2,12358,254240953
1557718896,3,77959,254318912
1557718896,4,51761,254370673
1557718896,5,37610,254408283
1557718896,6,751,254409034
1557718896,7,25597,254434631
1557718896,8,21510,254456141
1557718896,9,89176,254545317
1557719196,0,29229,254574546
1557719196,1,47694,254622240
1557719196,2,46743,254668983
1557719196,3,14133,254683116
1557719196,4,33522,254716638
1557719196,5,43992,254760630
1557719196,6,87944,254848574
1557719196,7,53563,254902137
1557719196,8,5955,254908092
1557719196,9,61649,254969741
1557719496,0,71736,255041477
1557719496,1,37836,255079313
1557719496,2,2145,255081458
1557719496,3,219,255081677
1557719496,4,17526,255099203
1557719496,5,10232,255109435
1557719496,6,88881,255198316
1557719496,7,23833,255222149
1557719496,8,1205,255223354
1557719496,9,74030,255297384
1557719796,0,58363,255355747
1557719796,1,77983,255433730
1557719796,2,33820,255467550
1557719796,3,94645,255562195
1557719796,4,51666,255613861
1557719796,5,61161,255675022
1557719796,6,8089,255683111
1557719796,7,83756,255766867
1557719796,8,22105,255788972
1557719796,9,3961,255792933
1557720096,0,69861,255862794
1557720096,1,42653,255905447
1557720096,2,50312,255955759
1557720096,3,10839,255966598
1557720096,4,2786,255969384
1557720096,5,48008,256017392
1557720096,6,16785,256034177
1557720096,7,18351,256052528
1557720096,8,84152,256136680
1557720096,9,4422,256141102
1557720396,0,59681,256200783
1557720396,1,11038,256211821
1557720396,2,11959,256223780
1557720396,3,63671,256287451
1557720396,4,22251,256309702
1557720396,5,91512,256401214
1557720396,6,58731,256459945
1557720396,7,49937,256509882
1557720396,8,84071,256593953
1557720396,9,55820,256649773
1557720696,0,45641,256695414
1557720696,1,21004,256716418
1557720696,2,12885,256729303
1557720696,3,24482,256753785
1557720696,4,73014,256826799
1557720696,5,76527,256903326
1557720696,6,2794,256906120
1557720696,7,95933,257002053
1557720696,8,11119,257013172
1557720696,9,99518,257112690
1557720996,0,43064,257155754
1557720996,1,39293,257195047
1557720996,2,38162,257233209
1557720996,3,13058,257246267
1557720996,4,61837,257308104
1557720996,5,28,257308132
1557720996,6,23917,257332049
1557720996,7,36855,257368904
1557720996,8,76121,257445025
1557720996,9,51822,257496847
1557721296,0,25851,257522698
1557721296,1,27756,257550454
1557721296,2,44408,257594862
1557721296,3,40531,257635393
1557721296,4,34624,257670017
1557721296,5,43570,257713587
1557721296,6,73725,257787312
1557721296,7,72255,257859567
1557721296,8,48215,257907782
1557721296,9,27562,257935344
1557721596,0,30710,257966054
1557721596,1,17992,257984046
1557721596,2,65686,258049732
1557721596,3,7047,258056779
1557721596,4,38926,258095705
1557721596,5,94724,258190429
1557721596,6,86367,258276796
1557721596,7,71167,258347963
1557721596,8,43907,258391870
1557721596,9,70548,258462418
1557721896,0,10408,258472826
1557721896,1,70673,258543499
1557721896,2,4844,258548343
1557721896,3,92336,258640679
1557721896,4,76400,258717079
1557721896,5,33738,258750817
1557721896,6,56961,258807778
1557721896,7,46595,258854373
1557721896,8,70046,258924419
1557721896,9,29528,258953947
1557722196,0,82289,259036236
1557722196,1,95484,259131720
1557722196,2,5060,259136780
1557722196,3,62692,259199472
1557722196,4,43418,259242890
1557722196,5,6633,259249523
1557722196,6,91839,259341362
1557722196,7,80549,259421911
1557722196,8,27984,259449895
1557722196,9,17631,259467526
1557722496,0,11311,259478837
1557722496,1,48630,259527467
1557722496,2,48448,259575915
1557722496,3,70681,259646596
1557722496,4,50567,259697163
1557722496,5,38317,259735480
1557722496,6,23304,259758784
1557722496,7,48749,259807533
1557722496,8,25874,259833407
1557722496,9,18532,259851939
1557722796,0,31250,259883189
1557722796,1,39203,259922392
1557722796,2,77559,259999951
1557722796,3,3750,260003701
1557722796,4,78066,260081767
1557722796,5,73322,260155089
1557722796,6,99403,260254492
1557722796,7,18298,260272790
1557722796,8,52477,260325267
1557722796,9,7116,260332383
1557723096,0,6015,260338398
1557723096,1,50488,260388886
1557723096,2,4402,260393288
1557723096,3,25132,260418420
1557723096,4,36626,260455046
1557723096,5,25823,260480869
1557723096,6,97017,260577886
1557723096,7,10770,260588656
1557723096,8,67559,260656215
1557723096,9,19356,260675571
1557723396,0,72444,260748015
1557723396,1,62191,260810206
1557723396,2,60067,260870273
1557723396,3,59729,260930002
1557723396,4,4316,260934318
1557723396,5,81300,261015618
1557723396,6,56906,261072524
1557723396,7,19902,261092426
1557723396,8,13543,261105969
1557723396,9,84448,261190417
1557723696,0,95185,261285602
1557723696,1,74247,261359849
1557723696,2,10566,261370415
1557723696,3,3491,261373906
1557723696,4,94985,261468891
1557723696,5,15834,261484725
1557723696,6,66468,261551193
1557723696,7,99849,261651042
1557723696,8,61667,261712709
1557723696,9,61535,261774244
1557723996,0,90195,261864439
1557723996,1,37573,261902012
1557723996,2,20897,261922909
1557723996,3,61704,261984613
1557723996,4,89191,262073804
1557723996,5,57938,262131742
1557723996,6,47518,262179260
1557723996,7,4823,262184083
1557723996,8,41212,262225295
1557723996,9,91242,262316537
1557724296,0,135,262316672
1557724296,1,76425,262393097
1557724296,2,92476,262485573
1557724296,3,85091,262570664
1557724296,4,20505,262591169
1557724296,5,91458,262682627
1557724296,6,91345,262773972
1557724296,7,39249,262813221
1557724296,8,14011,262827232
1557724296,9,46549,262873781
1557724596,0,23778,262897559
1557724596,1,42094,262939653
1557724596,2,9594,262949247
1557724596,3,34495,262983742
1557724596,4,4492,262988234
1557724596,5,58866,263047100
1557724596,6,85900,263133000
1557724596,7,28751,263161751
1557724596,8,75925,263237676
1557724596,9,3719,263241395
1557724896,0,27801,263269196
1557724896,1,71382,263340578
1557724896,2,69805,263410383
1557724896,3,32146,263442529
1557724896,4,35728,263478257
1557724896,5,39984,263518241
1557724896,6,34520,263552761
1557724896,7,8815,263561576
1557724896,8,21468,263583044
1557724896,9,74837,263657881
1557725196,0,50468,263708349
1557725196,1,45577,263753926
1557725196,2,13416,263767342
1557725196,3,73020,263840362
1557725196,4,8959,263849321
1557725196,5,17105,263866426
1557725196,6,66445,263932871
1557725196,7,39798,263972669
1557725196,8,94965,264067634
1557725196,9,27283,264094917
1557725496,0,83499,264178416
1557725496,1,36931,264215347
1557725496,2,1040,264216387
1557725496,3,85384,264301771
1557725496,4,46593,264348364
1557725496,5,29962,264378326
1557725496,6,41928,264420254
1557725496,7,11489,264431743
1557725496,8,58474,264490217
1557725496,9,4652,264494869
1557725796,0,49674,264544543
1557725796,1,29760,264574303
1557725796,2,61681,264635984
1557725796,3,53625,264689609
1557725796,4,21056,264710665
1557725796,5,15368,264726033
1557725796,6,43383,264769416
1557725796,7,28605,264798021
1557725796,8,41456,264839477
1557725796,9,59124,264898601
1557726096,0,12358,264910959
1557726096,1,54973,264965932
1557726096,2,31951,264997883
1557726096,3,42251,265040134
1557726096,4,20935,265061069
1557726096,5,81397,265142466
1557726096,6,7084,265149550
1557726096,7,90568,265240118
1557726096,8,35409,265275527
1557726096,9,36661,265312188
1557726396,0,33225,265345413
1557726396,1,73913,265419326
1557726396,2,14141,265433467
1557726396,3,5834,265439301
1557726396,4,42771,265482072
1557726396,5,12118,265494190
1557726396,6,53221,265547411
1557726396,7,29561,265576972
1557726396,8,41206,265618178
1557726396,9,38692,265656870
1557726696,0,50042,265706912
1557726696,1,7549,265714461
1557726696,2,30993,265745454
1557726696,3,35309,265780763
1557726696,4,29956,265810719
1557726696,5,15712,265826431
1557726696,6,24055,265850486
1557726696,7,90537,265941023
1557726696,8,39691,265980714
1557726696,9,28314,266009028
1557726996,0,32507,266041535
1557726996,1,17373,266058908
1557726996,2,68847,266127755
1557726996,3,96729,266224484
1557726996,4,77150,266301634
1557726996,5,40481,266342115
1557726996,6,80041,266422156
1557726996,7,77218,266499374
1557726996,8,80447,266579821
1557726996,9,83476,266663297
1557727296,0,3319,266666616
1557727296,1,98005,266764621
1557727296,2,75408,266840029
1557727296,3,55429,266895458
1557727296,4,65869,266961327
1557727296,5,66593,267027920
1557727296,6,90928,267118848
1557727296,7,39231,267158079
1557727296,8,65463,267223542
1557727296,9,56954,267280496
1557727596,0,99449,267379945
1557727596,1,38818,267418763
1557727596,2,21183,267439946
1557727596,3,14094,267454040
1557727596,4,84507,267538547
1557727596,5,46473,267585020
1557727596,6,7832,267592852
1557727596,7,45259,267638111
1557727596,8,26621,267664732
1557727596,9,53432,267718164
1557727896,0,48040,267766204
1557727896,1,48872,267815076
1557727896,2,49555,267864631
1557727896,3,23098,267887729
1557727896,4,40079,267927808
1557727896,5,89118,268016926
1557727896,6,99780,268116706
1557727896,7,81764,268198470
1557727896,8,71834,268270304
1557727896,9,3364,268273668
1557728196,0,91642,268365310
1557728196,1,24555,268389865
1557728196,2,77112,268466977
1557728196,3,36340,268503317
1557728196,4,80547,268583864
1557728196,5,99247,268683111
1557728196,6,21670,268704781
1557728196,7,77315,268782096
1557728196,8,68270,268850366
1557728196,9,85710,268936076
1557728496,0,59198,268995274
1557728496,1,8578,269003852
1557728496,2,97691,269101543
1557728496,3,39702,269141245
1557728496,4,98165,269239410
1557728496,5,84407,269323817
1557728496,6,43189,269367006
1557728496,7,14733,269381739
1557728496,8,81361,269463100
1557728496,9,66171,269529271
1557728796,0,23327,269552598
1557728796,1,93460,269646058
1557728796,2,36039,269682097
1557728796,3,79081,269761178
1557728796,4,54608,269815786
1557728796,5,60729,269876515
1557728796,6,36762,269913277
1557728796,7,79968,269993245
1557728796,8,13495,270006740
1557728796,9,59718,270066458
1557729096,0,30532,270096990
1557729096,1,96763,270193753
1557729096,2,4518,270198271
1557729096,3,78865,270277136
1557729096,4,73654,270350790
1557729096,5,61313,270412103
1557729096,6,55255,270467358
1557729096,7,40495,270507853
1557729096,8,62346,270570199
1557729096,9,81817,270652016
1557729396,0,1814,270653830
1557729396,1,97800,270751630
1557729396,2,72207,270823837
1557729396,3,33393,270857230
1557729396,4,86593,270943823
1557729396,5,68302,271012125
1557729396,6,12207,271024332
1557729396,7,97705,271122037
1557729396,8,46107,271168144
1557729396,9,82942,271251086
1557729696,0,11725,271262811
1557729696,1,20962,271283773
1557729696,2,50878,271334651
1557729696,3,7950,271342601
1557729696,4,4082,271346683
1557729696,5,35153,271381836
1557729696,6,78010,271459846
1557729696,7,59157,271519003
1557729696,8,92363,271611366
1557729696,9,41524,271652890
1557729996,0,1883,271654773
1557729996,1,39643,271694416
1557729996,2,51655,271746071
1557729996,3,12842,271758913
1557729996,4,91351,271850264
1557729996,5,64202,271914466
1557729996,6,88642,272003108
1557729996,7,10773,272013881
1557729996,8,42356,272056237
1557729996,9,14005,272070242
1557730296,0,28750,272098992
1557730296,1,18065,272117057
1557730296,2,18390,272135447
1557730296,3,28171,272163618
1557730296,4,88968,272252586
1557730296,5,40909,272293495
1557730296,6,36906,272330401
1557730296,7,16649,272347050
1557730296,8,92782,272439832
1557730296,9,52469,272492301
1557730596,0,83512,272575813
1557730596,1,41740,272617553
1557730596,2,12303,272629856
1557730596,3,60813,272690669
1557730596,4,8153,272698822
1557730596,5,21309,272720131
1557730596,6,25091,272745222
1557730596,7,83400,272828622
1557730596,8,90969,272919591
1557730596,9,87042,273006633
1557730896,0,19094,273025727
1557730896,1,97415,273123142
1557730896,2,74948,273198090
1557730896,3,57666,273255756
1557730896,4,35629,273291385
1557730896,5,12561,273303946
1557730896,6,78127,273382073
1557730896,7,64729,273446802
1557730896,8,50662,273497464
1557730896,9,14613,273512077
1557731196,0,33278,273545355
1557731196,1,26229,273571584
1557731196,2,3908,273575492
1557731196,3,55914,273631406
1557731196,4,96815,273728221
1557731196,5,28146,273756367
1557731196,6,16551,273772918
1557731196,7,24882,273797800
1557731196,8,41523,273839323
1557731196,9,49734,273889057
1557731496,0,35495,273924552
1557731496,1,1346,273925898
1557731496,2,83834,274009732
1557731496,3,36370,274046102
1557731496,4,19915,274066017
1557731496,5,63127,274129144
1557731496,6,21885,274151029
1557731496,7,55675,274206704
1557731496,8,77107,274283811
1557731496,9,13509,274297320
1557731796,0,3191,274300511
1557731796,1,91457,274391968
1557731796,2,38176,274430144
1557731796,3,37812,274467956
1557731796,4,58261,274526217
1557731796,5,42494,274568711
1557731796,6,84856,274653567
1557731796,7,27700,274681267
1557731796,8,82166,274763433
1557731796,9,22081,274785514
1557732096,0,18132,274803646
1557732096,1,50226,274853872
1557732096,2,4657,274858529
1557732096,3,20047,274878576
1557732096,4,84675,274963251
1557732096,5,86071,275049322
1557732096,6,33840,275083162
1557732096,7,28415,275111577
1557732096,8,25097,275136674
1557732096,9,30245,275166919
1557732396,0,16793,275183712
1557732396,1,98473,275282185
1557732396,2,86967,275369152
1557732396,3,3485,275372637
1557732396,4,70391,275443028
1557732396,5,51973,275495001
1557732396,6,6930,275501931
1557732396,7,61738,275563669
1557732396,8,61668,275625337
1557732396,9,98600,275723937
1557732696,0,69374,275793311
1557732696,1,61346,275854657
1557732696,2,15088,275869745
1557732696,3,61200,275930945
1557732696,4,32607,275963552
1557732696,5,87208,276050760
1557732696,6,33752,276084512
1557732696,7,68115,276152627
1557732696,8,51066,276203693
1557732696,9,4898,276208591
1557732996,0,41829,276250420
1557732996,1,50021,276300441
1557732996,2,95136,276395577
1557732996,3,12269,276407846
1557732996,4,52241,276460087
1557732996,5,88648,276548735
1557732996,6,70304,276619039
1557732996,7,72309,276691348
1557732996,8,59080,276750428
1557732996,9,89953,276840381
1557733296,0,96331,276936712
1557733296,1,13010,276949722
1557733296,2,67175,277016897
1557733296,3,79734,277096631
1557733296,4,13427,277110058
1557733296,5,15230,277125288
1557733296,6,220,277125508
1557733296,7,92382,277217890
1557733296,8,29498,277247388
1557733296,9,98950,277346338
1557733596,0,33135,277379473
1557733596,1,88961,277468434
1557733596,2,78076,277546510
1557733596,3,75683,277622193
1557733596,4,69945,277692138
1557733596,5,24517,277716655
1557733596,6,34116,277750771
1557733596,7,2721,277753492
1557733596,8,77790,277831282
1557733596,9,40195,277871477
1557733896,0,88785,277960262
1557733896,1,81486,278041748
1557733896,2,52248,278093996
1557733896,3,79258,278173254
1557733896,4,3797,278177051
1557733896,5,29656,278206707
1557733896,6,54363,278261070
1557733896,7,93855,278354925
1557733896,8,59447,278414372
1557733896,9,47570,278461942
1557734196,0,9184,278471126
1557734196,1,37459,278508585
1557734196,2,73646,278582231
1557734196,3,39524,278621755
1557734196,4,38108,278659863
1557734196,5,59913,278719776
1557734196,6,70395,278790171
1557734196,7,39015,278829186
1557734196,8,74770,278903956
1557734196,9,14457,278918413
1557734496,0,7838,278926251
1557734496,1,97818,279024069
1557734496,2,59791,279083860
1557734496,3,97376,279181236
1557734496,4,30245,279211481
1557734496,5,35798,279247279
1557734496,6,78504,279325783
1557734496,7,72959,279398742
1557734496,8,84790,279483532
1557734496,9,94135,279577667
1557734796,0,73234,279650901
1557734796,1,65992,279716893
1557734796,2,54611,279771504
1557734796,3,10718,279782222
1557734796,4,35179,279817401
1557734796,5,25721,279843122
1557734796,6,21582,279864704
1557734796,7,82963,279947667
1557734796,8,34791,279982458
1557734796,9,28166,280010624
1557735096,0,38625,280049249
1557735096,1,85998,280135247
1557735096,2,36528,280171775
1557735096,3,19642,280191417
1557735096,4,26720,280218137
1557735096,5,38040,280256177
1557735096,6,93876,280350053
1557735096,7,20593,280370646
1557735096,8,21349,280391995
1557735096,9,512,280392507
1557735396,0,53554,280446061
1557735396,1,93730,280539791
1557735396,2,87194,280626985
1557735396,3,60111,280687096
1557735396,4,29570,280716666
1557735396,5,91556,280808222
1557735396,6,80941,280889163
1557735396,7,47247,280936410
1557735396,8,29050,280965460
1557735396,9,73221,281038681
1557735696,0,32980,281071661
1557735696,1,35450,281107111
1557735696,2,13356,281120467
1557735696,3,68624,281189091
1557735696,4,18537,281207628
1557735696,5,98830,281306458
1557735696,6,60374,281366832
1557735696,7,95119,281461951
1557735696,8,44537,281506488
1557735696,9,78591,281585079
1557735996,0,20399,281605478
1557735996,1,89362,281694840
1557735996,2,13447,281708287
1557735996,3,17939,281726226
1557735996,4,74351,281800577
1557735996,5,21761,281822338
1557735996,6,5742,281828080
1557735996,7,67253,281895333
1557735996,8,59140,281954473
1557735996,9,42,281954515
1557736296,0,88375,282042890
1557736296,1,70201,282113091
1557736296,2,54779,282167870
1557736296,3,21698,282189568
1557736296,4,12822,282202390
1557736296,5,89087,282291477
1557736296,6,74179,282365656
1557736296,7,14718,282380374
1557736296,8,39555,282419929
1557736296,9,54887,282474816
1557736596,0,16473,282491289
1557736596,1,79686,282570975
1557736596,2,34815,282605790
1557736596,3,11024,282616814
1557736596,4,93795,282710609
1557736596,5,23382,282733991
1557736596,6,94277,282828268
1557736596,7,15740,282844008
1557736596,8,35710,282879718
1557736596,9,9447,282889165
1557736896,0,39541,282928706
1557736896,1,48112,282976818
1557736896,2,59765,283036583
1557736896,3,92569,283129152
1557736896,4,28658,283157810
1557736896,5,76652,283234462
1557736896,6,73975,283308437
1557736896,7,28204,283336641
1557736896,8,41312,283377953
1557736896,9,38253,283416206
1557737196,0,73276,283489482
1557737196,1,54322,283543804
1557737196,2,75435,283619239
1557737196,3,54534,283673773
1557737196,4,59331,283733104
1557737196,5,54929,283788033
1557737196,6,31114,283819147
1557737196,7,51136,283870283
1557737196,8,50735,283921018
1557737196,9,20573,283941591
1557737496,0,7074,283948665
1557737496,1,27496,283976161
1557737496,2,96679,284072840
1557737496,3,70526,284143366
1557737496,4,614,284143980
1557737496,5,48383,284192363
1557737496,6,60512,284252875
1557737496,7,13273,284266148
1557737496,8,65491,284331639
1557737496,9,33930,284365569
1557737796,0,5502,284371071
1557737796,1,98069,284469140
1557737796,2,58199,284527339
1557737796,3,99143,284626482
1557737796,4,77251,284703733
1557737796,5,69014,284772747
1557737796,6,20122,284792869
1557737796,7,79361,284872230
1557737796,8,58184,284930414
1557737796,9,98141,285028555
1557738096,0,29833,285058388
1557738096,1,30007,285088395
1557738096,2,69200,285157595
1557738096,3,81266,285238861
1557738096,4,68024,285306885
1557738096,5,95414,285402299
1557738096,6,76702,285479001
1557738096,7,49648,285528649
1557738096,8,93941,285622590
1557738096,9,32342,285654932
1557738396,0,37505,285692437
1557738396,1,65670,285758107
1557738396,2,35801,285793908
1557738396,3,46242,285840150
1557738396,4,64932,285905082
1557738396,5,17678,285922760
1557738396,6,85644,286008404
1557738396,7,66739,286075143
1557738396,8,56314,286131457
1557738396,9,16984,286148441
1557738696,0,53649,286202090
1557738696,1,87775,286289865
1557738696,2,95567,286385432
1557738696,3,74785,286460217
1557738696,4,46671,286506888
1557738696,5,59614,286566502
1557738696,6,11292,286577794
1557738696,7,72261,286650055
1557738696,8,94520,286744575
1557738696,9,56309,286800884
1557738996,0,33936,286834820
1557738996,1,17664,286852484
1557738996,2,2273,286854757
1557738996,3,82444,286937201
1557738996,4,25810,286963011
1557738996,5,63680,287026691
1557738996,6,46500,287073191
1557738996,7,24875,287098066
1557738996,8,19429,287117495
1557738996,9,84031,287201526
1557739296,0,58265,287259791
1557739296,1,33539,287293330
1557739296,2,81825,287375155
1557739296,3,92086,287467241
1557739296,4,69009,287536250
1557739296,5,1729,287537979
1557739296,6,99358,287637337
1557739296,7,35687,287673024
1557739296,8,28448,287701472
1557739296,9,18068,287719540
1557739596,0,83436,287802976
1557739596,1,77529,287880505
1557739596,2,21069,287901574
1557739596,3,25747,287927321
1557739596,4,65679,287993000
1557739596,5,47932,288040932
1557739596,6,37480,288078412
1557739596,7,17694,288096106
1557739596,8,96636,288192742
1557739596,9,87173,288279915
1557739896,0,52765,288332680
1557739896,1,13955,288346635
1557739896,2,57317,288403952
1557739896,3,70728,288474680
1557739896,4,20282,288494962
1557739896,5,36798,288531760
1557739896,6,65005,288596765
1557739896,7,8331,288605096
1557739896,8,12900,288617996
1557739896,9,36159,288654155
1557740196,0,31655,288685810
1557740196,1,31466,288717276
1557740196,2,30980,288748256
1557740196,3,70374,288818630
1557740196,4,31915,288850545
1557740196,5,25827,288876372
1557740196,6,89901,288966273
1557740196,7,82712,289048985
1557740196,8,88390,289137375
1557740196,9,92563,289229938
1557740496,0,37381,289267319
1557740496,1,19914,289287233
1557740496,2,50852,289338085
1557740496,3,45819,289383904
1557740496,4,785,289384689
1557740496,5,96771,289481460
1557740496,6,64221,289545681
1557740496,7,37127,289582808
1557740496,8,61505,289644313
1557740496,9,6050,289650363
1557740796,0,16788,289667151
1557740796,1,93665,289760816
1557740796,2,93888,289854704
1557740796,3,92933,289947637
1557740796,4,60462,290008099
1557740796,5,92154,290100253
1557740796,6,16436,290116689
1557740796,7,15130,290131819
1557740796,8,70570,290202389
1557740796,9,1200,290203589
1557741096,0,33367,290236956
1557741096,1,63748,290300704
1557741096,2,4189,290304893
1557741096,3,78659,290383552
1557741096,4,54429,290437981
1557741096,5,54900,290492881
1557741096,6,55774,290548655
1557741096,7,93544,290642199
1557741096,8,77727,290719926
1557741096,9,8197,290728123
1557741396,0,33374,290761497
1557741396,1,73970,290835467
1557741396,2,61114,290896581
1557741396,3,94668,290991249
1557741396,4,5259,290996508
1557741396,5,59274,291055782
1557741396,6,6617,291062399
1557741396,7,29169,291091568
1557741396,8,69381,291160949
1557741396,9,69099,291230048
1557741696,0,4289,291234337
1557741696,1,31667,291266004
1557741696,2,95059,291361063
1557741696,3,46817,291407880
1557741696,4,42898,291450778
1557741696,5,67702,291518480
1557741696,6,97662,291616142
1557741696,7,61213,291677355
1557741696,8,55704,291733059
1557741696,9,25218,291758277
1557741996,0,21030,291779307
1557741996,1,7418,291786725
1557741996,2,35943,291822668
1557741996,3,65002,291887670
1557741996,4,64741,291952411
1557741996,5,86013,292038424
1557741996,6,27502,292065926
1557741996,7,86987,292152913
1557741996,8,76344,292229257
1557741996,9,82897,292312154
1557742296,0,46770,292358924
1557742296,1,2308,292361232
1557742296,2,84603,292445835
1557742296,3,43683,292489518
1557742296,4,28263,292517781
1557742296,5,94863,292612644
1557742296,6,12474,292625118
1557742296,7,95354,292720472
1557742296,8,25196,292745668
1557742296,9,96515,292842183
1557742596,0,10404,292852587
1557742596,1,61268,292913855
1557742596,2,38627,292952482
1557742596,3,56148,293008630
1557742596,4,76549,293085179
1557742596,5,14840,293100019
1557742596,6,35541,293135560
1557742596,7,47109,293182669
1557742596,8,86086,293268755
1557742596,9,26697,293295452
1557742896,0,3541,293298993
1557742896,1,38418,293337411
1557742896,2,85532,293422943
1557742896,3,7935,293430878
1557742896,4,68629,293499507
1557742896,5,11251,293510758
1557742896,6,93622,293604380
1557742896,7,57161,293661541
1557742896,8,29259,293690800
1557742896,9,65882,293756682
1557743196,0,19548,293776230
1557743196,1,27960,293804190
1557743196,2,43654,293847844
1557743196,3,96935,293944779
1557743196,4,17299,293962078
1557743196,5,70242,294032320
1557743196,6,54535,294086855
1557743196,7,25644,294112499
1557743196,8,17517,294130016
1557743196,9,77399,294207415
1557743496,0,87639,294295054
1557743496,1,43774,294338828
1557743496,2,28188,294367016
1557743496,3,52779,294419795
1557743496,4,99724,294519519
1557743496,5,95862,294615381
1557743496,6,71101,294686482
1557743496,7,84444,294770926
1557743496,8,47784,294818710
1557743496,9,96788,294915498
1557743796,0,26929,294942427
1557743796,1,7271,294949698
1557743796,2,77502,295027200
1557743796,3,18191,295045391
1557743796,4,73462,295118853
1557743796,5,35964,295154817
1557743796,6,76985,295231802
1557743796,7,75272,295307074
1557743796,8,15907,295322981
1557743796,9,91482,295414463
1557744096,0,26996,295441459
1557744096,1,39591,295481050
1557744096,2,86508,295567558
1557744096,3,73860,295641418
1557744096,4,23195,295664613
1557744096,5,41380,295705993
1557744096,6,29066,295735059
1557744096,7,78947,295814006
1557744096,8,23735,295837741
1557744096,9,2758,295840499
1557744396,0,6869,295847368
1557744396,1,58628,295905996
1557744396,2,60009,295966005
1557744396,3,65950,296031955
1557744396,4,49207,296081162
1557744396,5,9624,296090786
1557744396,6,28317,296119103
1557744396,7,88926,296208029
1557744396,8,32559,296240588
1557744396,9,50728,296291316
1557744696,0,69976,296361292
1557744696,1,72265,296433557
1557744696,2,18639,296452196
1557744696,3,47118,296499314
1557744696,4,62727,296562041
1557744696,5,61018,296623059
1557744696,6,52382,296675441
1557744696,7,42501,296717942
1557744696,8,58278,296776220
1557744696,9,78649,296854869
1557744996,0,6204,296861073
1557744996,1,79952,296941025
1557744996,2,66062,297007087
1557744996,3,69748,297076835
1557744996,4,89053,297165888
1557744996,5,1914,297167802
1557744996,6,33881,297201683
1557744996,7,62244,297263927
1557744996,8,59931,297323858
1557744996,9,27662,297351520
1557745296,0,30395,297381915
1557745296,1,20804,297402719
1557745296,2,21799,297424518
1557745296,3,78980,297503498
1557745296,4,14483,297517981
1557745296,5,89485,297607466
1557745296,6,92814,297700280
1557745296,7,28390,297728670
1557745296,8,27479,297756149
1557745296,9,20929,297777078
1557745596,0,40345,297817423
1557745596,1,50461,297867884
1557745596,2,59141,297927025
1557745596,3,68131,297995156
1557745596,4,44259,298039415
1557745596,5,83071,298122486
1557745596,6,96234,298218720
1557745596,7,85586,298304306
1557745596,8,73807,298378113
1557745596,9,74906,298453019
1557745896,0,35053,298488072
1557745896,1,96442,298584514
1557745896,2,14152,298598666
1557745896,3,35279,298633945
1557745896,4,62447,298696392
1557745896,5,69117,298765509
1557745896,6,74514,298840023
1557745896,7,58664,298898687
1557745896,8,16768,298915455
1557745896,9,88543,299003998
1557746196,0,46107,299050105
1557746196,1,28010,299078115
1557746196,2,40939,299119054
1557746196,3,16065,299135119
1557746196,4,27921,299163040
1557746196,5,95808,299258848
1557746196,6,64828,299323676
1557746196,7,1985,299325661
1557746196,8,75192,299400853
1557746196,9,21919,299422772
1557746496,0,46916,299469688
1557746496,1,40076,299509764
1557746496,2,25544,299535308
1557746496,3,22535,299557843
1557746496,4,62377,299620220
1557746496,5,12392,299632612
1557746496,6,59805,299692417
1557746496,7,60934,299753351
1557746496,8,2355,299755706
1557746496,9,46986,299802692
1557746796,0,85984,299888676
1557746796,1,62895,299951571
1557746796,2,26946,299978517
1557746796,3,25520,300004037
1557746796,4,97362,300101399
1557746796,5,40602,300142001
1557746796,6,40866,300182867
1557746796,7,45530,300228397
1557746796,8,18504,300246901
1557746796,9,67791,300314692
1557747096,0,23346,300338038
1557747096,1,97903,300435941
1557747096,2,30723,300466664
1557747096,3,30314,300496978
1557747096,4,52624,300549602
1557747096,5,64140,300613742
1557747096,6,51680,300665422
1557747096,7,53206,300718628
1557747096,8,98644,300817272
1557747096,9,25592,300842864
1557747396,0,62679,300905543
1557747396,1,57315,300962858
1557747396,2,47580,301010438
1557747396,3,79414,301089852
1557747396,4,50050,301139902
1557747396,5,43103,301183005
1557747396,6,46795,301229800
1557747396,7,92093,301321893
1557747396,8,26386,301348279
1557747396,9,36557,301384836
1557747696,0,33485,301418321
1557747696,1,83307,301501628
1557747696,2,22001,301523629
1557747696,3,42207,301565836
1557747696,4,88812,301654648
1557747696,5,79728,301734376
1557747696,6,90215,301824591
1557747696,7,8263,301832854
1557747696,8,45568,301878422
1557747696,9,14335,301892757
1557747996,0,10060,301902817
1557747996,1,86192,301989009
1557747996,2,50141,302039150
1557747996,3,68858,302108008
1557747996,4,16746,302124754
1557747996,5,96262,302221016
1557747996,6,78530,302299546
1557747996,7,22900,302322446
1557747996,8,81608,302404054
1557747996,9,24439,302428493
1557748296,0,52152,302480645
1557748296,1,68580,302549225
1557748296,2,15429,302564654
1557748296,3,63673,302628327
1557748296,4,74832,302703159
1557748296,5,82527,302785686
1557748296,6,55136,302840822
1557748296,7,57873,302898695
1557748296,8,58818,302957513
1557748296,9,38174,302995687
1557748596,0,51411,303047098
1557748596,1,76601,303123699
1557748596,2,88062,303211761
1557748596,3,71641,303283402
1557748596,4,5770,303289172
1557748596,5,91800,303380972
1557748596,6,97268,303478240
1557748596,7,30975,303509215
1557748596,8,79438,303588653
1557748596,9,11709,303600362
1557748896,0,45950,303646312
1557748896,1,50280,303696592
1557748896,2,24356,303720948
1557748896,3,28317,303749265
1557748896,4,23020,303772285
1557748896,5,62368,303834653
1557748896,6,40753,303875406
1557748896,7,37531,303912937
1557748896,8,33579,303946516
1557748896,9,74180,304020696
1557749196,0,55185,304075881
1557749196,1,59331,304135212
1557749196,2,3867,304139079
1557749196,3,23455,304162534
1557749196,4,55041,304217575
1557749196,5,60449,304278024
1557749196,6,83135,304361159
1557749196,7,72773,304433932
1557749196,8,58818,304492750
1557749196,9,47885,304540635
1557749496,0,81412,304622047
1557749496,1,16459,304638506
1557749496,2,35771,304674277
1557749496,3,89714,304763991
1557749496,4,17228,304781219
1557749496,5,92649,304873868
1557749496,6,85232,304959100
1557749496,7,30657,304989757
1557749496,8,1422,304991179
1557749496,9,68540,305059719
1557749796,0,16654,305076373
1557749796,1,15859,305092232
1557749796,2,61210,305153442
1557749796,3,33492,305186934
1557749796,4,4369,305191303
1557749796,5,67199,305258502
1557749796,6,96408,305354910
1557749796,7,22507,305377417
1557749796,8,87521,305464938
1557749796,9,39254,305504192
1557750096,0,56263,305560455
1557750096,1,69024,305629479
1557750096,2,10329,305639808
1557750096,3,63495,305703303
1557750096,4,9343,305712646
1557750096,5,18861,305731507
1557750096,6,68508,305800015
1557750096,7,26661,305826676
1557750096,8,35061,305861737
1557750096,9,77960,305939697
1557750396,0,11270,305950967
1557750396,1,49637,306000604
1557750396,2,65603,306066207
1557750396,3,32612,306098819
1557750396,4,55468,306154287
1557750396,5,95252,306249539
1557750396,6,76286,306325825
1557750396,7,58776,306384601
1557750396,8,84168,306468769
1557750396,9,73255,306542024
1557750696,0,52259,306594283
1557750696,1,19899,306614182
1557750696,2,69818,306684000
1557750696,3,80326,306764326
1557750696,4,52760,306817086
1557750696,5,31540,306848626
1557750696,6,92910,306941536
1557750696,7,20579,306962115
1557750696,8,67463,307029578
1557750696,9,82894,307112472
1557750996,0,74355,307186827
1557750996,1,19585,307206412
1557750996,2,22413,307228825
1557750996,3,67839,307296664
1557750996,4,11978,307308642
1557750996,5,21449,307330091
1557750996,6,92689,307422780
1557750996,7,38394,307461174
1557750996,8,76844,307538018
1557750996,9,3561,307541579
1557751296,0,7036,307548615
1557751296,1,17543,307566158
1557751296,2,99256,307665414
1557751296,3,45918,307711332
1557751296,4,54592,307765924
1557751296,5,67284,307833208
1557751296,6,4670,307837878
1557751296,7,53885,307891763
1557751296,8,98988,307990751
1557751296,9,44524,308035275
1557751596,0,40201,308075476
1557751596,1,16287,308091763
1557751596,2,94665,308186428
1557751596,3,48189,308234617
1557751596,4,35177,308269794
1557751596,5,64217,308334011
1557751596,6,69272,308403283
1557751596,7,36565,308439848
1557751596,8,75046,308514894
1557751596,9,9332,308524226
1557751896,0,30889,308555115
1557751896,1,41065,308596180
1557751896,2,52228,308648408
1557751896,3,40262,308688670
1557751896,4,23344,308712014
1557751896,5,73392,308785406
1557751896,6,33966,308819372
1557751896,7,93993,308913365
1557751896,8,1660,308915025
1557751896,9,34276,308949301
1557752196,0,58393,309007694
1557752196,1,8000,309015694
1557752196,2,31405,309047099
1557752196,3,49177,309096276
1557752196,4,96547,309192823
1557752196,5,9660,309202483
1557752196,6,65530,309268013
1557752196,7,73085,309341098
1557752196,8,39878,309380976
1557752196,9,77442,309458418
1557752496,0,7587,309466005
1557752496,1,44503,309510508
1557752496,2,39749,309550257
1557752496,3,63637,309613894
1557752496,4,92957,309706851
1557752496,5,42714,309749565
1557752496,6,81516,309831081
1557752496,7,40408,309871489
1557752496,8,22935,309894424
1557752496,9,35928,309930352
1557752796,0,49554,309979906
1557752796,1,84439,310064345
1557752796,2,93787,310158132
1557752796,3,56810,310214942
1557752796,4,59091,310274033
1557752796,5,73021,310347054
1557752796,6,83775,310430829
1557752796,7,2828,310433657
1557752796,8,54379,310488036
1557752796,9,31858,310519894
1557753096,0,86165,310606059
1557753096,1,71046,310677105
1557753096,2,55798,310732903
1557753096,3,54619,310787522
1557753096,4,48614,310836136
1557753096,5,39197,310875333
1557753096,6,18974,310894307
1557753096,7,67765,310962072
1557753096,8,70381,311032453
1557753096,9,52975,311085428
1557753396,0,84913,311170341
1557753396,1,77272,311247613
1557753396,2,2314,311249927
1557753396,3,67129,311317056
1557753396,4,32293,311349349
1557753396,5,54428,311403777
1557753396,6,19487,311423264
1557753396,7,71799,311495063
1557753396,8,76658,311571721
1557753396,9,78291,311650012
1557753696,0,91388,311741400
1557753696,1,50325,311791725
1557753696,2,34785,311826510
1557753696,3,98536,311925046
1557753696,4,26216,311951262
1557753696,5,35553,311986815
1557753696,6,55457,312042272
1557753696,7,44392,312086664
1557753696,8,99492,312186156
1557753696,9,37244,312223400
1557753996,0,43436,312266836
1557753996,1,70001,312336837
1557753996,2,24302,312361139
1557753996,3,49314,312410453
1557753996,4,33968,312444421
1557753996,5,88962,312533383
1557753996,6,6172,312539555
1557753996,7,52019,312591574
1557753996,8,67413,312658987
1557753996,9,9608,312668595
1557754296,0,79343,312747938
1557754296,1,69270,312817208
1557754296,2,69926,312887134
1557754296,3,52237,312939371
1557754296,4,50121,312989492
1557754296,5,7495,312996987
1557754296,6,479,312997466
1557754296,7,884,312998350
1557754296,8,66413,313064763
1557754296,9,40853,313105616
1557754596,0,69084,313174700
1557754596,1,18908,313193608
1557754596,2,40073,313233681
1557754596,3,89616,313323297
1557754596,4,4571,313327868
1557754596,5,58581,313386449
1557754596,6,44553,313431002
1557754596,7,52181,313483183
1557754596,8,83150,313566333
1557754596,9,65563,313631896
1557754896,0,3322,313635218
1557754896,1,76126,313711344
1557754896,2,64415,313775759
1557754896,3,27384,313803143
1557754896,4,75032,313878175
1557754896,5,50269,313928444
1557754896,6,91436,314019880
1557754896,7,32736,314052616
1557754896,8,30104,314082720
1557754896,9,13910,314096630
1557755196,0,34669,314131299
1557755196,1,1477,314132776
1557755196,2,42746,314175522
1557755196,3,83565,314259087
1557755196,4,29562,314288649
1557755196,5,8750,314297399
1557755196,6,65166,314362565
1557755196,7,88929,314451494
1557755196,8,29619,314481113
1557755196,9,60562,314541675
1557755496,0,99874,314641549
1557755496,1,64706,314706255
1557755496,2,61220,314767475
1557755496,3,26671,314794146
1557755496,4,91690,314885836
1557755496,5,81715,314967551
1557755496,6,32651,315000202
1557755496,7,44181,315044383
1557755496,8,90694,315135077
1557755496,9,27137,315162214
1557755796,0,51137,315213351
1557755796,1,96265,315309616
1557755796,2,10283,315319899
1557755796,3,66958,315386857
1557755796,4,37417,315424274
1557755796,5,34366,315458640
1557755796,6,91684,315550324
1557755796,7,55759,315606083
1557755796,8,42887,315648970
1557755796,9,44510,315693480
1557756096,0,87511,315780991
1557756096,1,36822,315817813
1557756096,2,76434,315894247
1557756096,3,70162,315964409
1557756096,4,38481,316002890
1557756096,5,5481,316008371
1557756096,6,25190,316033561
1557756096,7,67182,316100743
1557756096,8,78377,316179120
1557756096,9,67434,316246554
1557756396,0,27797,316274351
1557756396,1,34161,316308512
1557756396,2,82185,316390697
1557756396,3,23340,316414037
1557756396,4,1930,316415967
1557756396,5,63120,316479087
1557756396,6,39611,316518698
1557756396,7,99688,316618386
1557756396,8,21337,316639723
1557756396,9,63611,316703334
1557756696,0,58629,316761963
1557756696,1,72221,316834184
1557756696,2,91365,316925549
1557756696,3,61214,316986763
1557756696,4,9154,316995917
1557756696,5,44818,317040735
1557756696,6,39588,317080323
1557756696,7,13127,317093450
1557756696,8,7732,317101182
1557756696,9,90359,317191541
1557756996,0,85943,317277484
1557756996,1,14729,317292213
1557756996,2,10439,317302652
1557756996,3,30308,317332960
1557756996,4,20372,317353332
1557756996,5,20612,317373944
1557756996,6,78230,317452174
1557756996,7,90262,317542436
1557756996,8,40615,317583051
1557756996,9,14476,317597527
1557757296,0,9747,317607274
1557757296,1,59476,317666750
1557757296,2,60958,317727708
1557757296,3,51015,317778723
1557757296,4,34020,317812743
1557757296,5,12103,317824846
1557757296,6,90968,317915814
1557757296,7,78680,317994494
1557757296,8,9895,318004389
1557757296,9,25206,318029595
1557757596,0,95276,318124871
1557757596,1,27020,318151891
1557757596,2,80966,318232857
1557757596,3,35010,318267867
1557757596,4,24772,318292639
1557757596,5,86140,318378779
1557757596,6,79096,318457875
1557757596,7,42668,318500543
1557757596,8,19266,318519809
1557757596,9,48857,318568666
1557757896,0,23029,318591695
1557757896,1,24734,318616429
1557757896,2,70831,318687260
1557757896,3,26697,318713957
1557757896,4,35262,318749219
1557757896,5,90868,318840087
1557757896,6,11475,318851562
1557757896,7,2867,318854429
1557757896,8,255,318854684
1557757896,9,3121,318857805
1557758196,0,44991,318902796
1557758196,1,63473,318966269
1557758196,2,12081,318978350
1557758196,3,37956,319016306
1557758196,4,2391,319018697
1557758196,5,67116,319085813
1557758196,6,62236,319148049
1557758196,7,83842,319231891
1557758196,8,23062,319254953
1557758196,9,44682,319299635
1557758496,0,72431,319372066
1557758496,1,66884,319438950
1557758496,2,27843,319466793
1557758496,3,92015,319558808
1557758496,4,33582,319592390
1557758496,5,59896,319652286
1557758496,6,41133,319693419
1557758496,7,58524,319751943
1557758496,8,97883,319849826
1557758496,9,12089,319861915
1557758796,0,24653,319886568
1557758796,1,68696,319955264
1557758796,2,52689,320007953
1557758796,3,69781,320077734
1557758796,4,65149,320142883
1557758796,5,22724,320165607
1557758796,6,5166,320170773
1557758796,7,6447,320177220
1557758796,8,16318,320193538
1557758796,9,44,320193582
1557759096,0,16279,320209861
1557759096,1,46830,320256691
1557759096,2,80537,320337228
1557759096,3,85549,320422777
1557759096,4,64837,320487614
1557759096,5,86399,320574013
1557759096,6,2396,320576409
1557759096,7,36761,320613170
1557759096,8,6507,320619677
1557759096,9,25040,320644717
1557759396,0,42812,320687529
1557759396,1,63233,320750762
1557759396,2,53637,320804399
1557759396,3,88485,320892884
1557759396,4,34139,320927023
1557759396,5,5363,320932386
1557759396,6,62030,320994416
1557759396,7,76109,321070525
1557759396,8,50388,321120913
1557759396,9,50350,321171263
1557759696,0,90850,321262113
1557759696,1,3675,321265788
1557759696,2,76875,321342663
1557759696,3,87165,321429828
1557759696,4,15477,321445305
1557759696,5,92018,321537323
1557759696,6,15073,321552396
1557759696,7,42263,321594659
1557759696,8,18094,321612753
1557759696,9,95808,321708561
1557759996,0,40760,321749321
1557759996,1,11616,321760937
1557759996,2,28039,321788976
1557759996,3,98140,321887116
1557759996,4,66414,321953530
1557759996,5,51886,322005416
1557759996,6,71181,322076597
1557759996,7,84573,322161170
1557759996,8,87470,322248640
1557759996,9,48452,322297092
1557760296,0,60330,322357422
1557760296,1,70149,322427571
1557760296,2,10713,322438284
1557760296,3,87868,322526152
1557760296,4,41626,322567778
1557760296,5,29981,322597759
1557760296,6,70661,322668420
1557760296,7,60056,322728476
1557760296,8,49839,322778315
1557760296,9,21053,322799368
1557760596,0,84989,322884357
1557760596,1,30231,322914588
1557760596,2,22290,322936878
1557760596,3,1723,322938601
1557760596,4,17352,322955953
1557760596,5,6677,322962630
1557760596,6,22883,322985513
1557760596,7,89890,323075403
1557760596,8,71401,323146804
1557760596,9,9077,323155881
1557760896,0,99386,323255267
1557760896,1,21491,323276758
1557760896,2,82002,323358760
1557760896,3,23775,323382535
1557760896,4,82851,323465386
1557760896,5,88665,323554051
1557760896,6,33405,323587456
1557760896,7,2014,323589470
1557760896,8,91000,323680470
1557760896,9,28858,323709328
1557761196,0,18039,323727367
1557761196,1,58652,323786019
1557761196,2,40025,323826044
1557761196,3,2385,323828429
1557761196,4,81571,323910000
1557761196,5,93163,324003163
1557761196,6,69452,324072615
1557761196,7,57078,324129693
1557761196,8,88517,324218210
1557761196,9,31227,324249437
1557761496,0,38006,324287443
1557761496,1,6780,324294223
1557761496,2,20041,324314264
1557761496,3,27543,324341807
1557761496,4,13322,324355129
1557761496,5,60762,324415891
1557761496,6,24603,324440494
1557761496,7,37563,324478057
1557761496,8,34101,324512158
1557761496,9,64426,324576584
1557761796,0,36195,324612779
1557761796,1,29659,324642438
1557761796,2,18254,324660692
1557761796,3,41364,324702056
1557761796,4,93714,324795770
1557761796,5,9986,324805756
1557761796,6,72979,324878735
1557761796,7,21877,324900612
1557761796,8,38228,324938840
1557761796,9,38297,324977137
1557762096,0,57955,325035092
1557762096,1,91849,325126941
1557762096,2,35320,325162261
1557762096,3,52758,325215019
1557762096,4,31732,325246751
1557762096,5,33797,325280548
1557762096,6,40136,325320684
1557762096,7,10372,325331056
1557762096,8,11158,325342214
1557762096,9,26326,325368540
1557762396,0,20875,325389415
1557762396,1,10543,325399958
1557762396,2,33841,325433799
1557762396,3,42842,325476641
1557762396,4,59759,325536400
1557762396,5,31499,325567899
1557762396,6,52276,325620175
1557762396,7,63569,325683744
1557762396,8,14943,325698687
1557762396,9,5025,325703712
1557762696,0,11166,325714878
1557762696,1,3934,325718812
1557762696,2,83584,325802396
1557762696,3,63012,325865408
1557762696,4,91028,325956436
1557762696,5,93653,326050089
1557762696,6,73681,326123770
1557762696,7,92058,326215828
1557762696,8,6694,326222522
1557762696,9,33094,326255616
1557762996,0,51744,326307360
1557762996,1,42650,326350010
1557762996,2,2537,326352547
1557762996,3,90656,326443203
1557762996,4,744,326443947
1557762996,5,84070,326528017
1557762996,6,23495,326551512
1557762996,7,52089,326603601
1557762996,8,25,326603626
1557762996,9,84379,326688005
1557763296,0,35627,326723632
1557763296,1,74563,326798195
1557763296,2,86020,326884215
1557763296,3,65917,326950132
1557763296,4,64133,327014265
1557763296,5,45875,327060140
1557763296,6,17596,327077736
1557763296,7,80709,327158445
1557763296,8,65860,327224305
1557763296,9,78837,327303142
1557763596,0,25669,327328811
1557763596,1,49861,327378672
1557763596,2,1883,327380555
1557763596,3,33760,327414315
1557763596,4,63701,327478016
1557763596,5,72672,327550688
1557763596,6,98264,327648952
1557763596,7,47741,327696693
1557763596,8,6692,327703385
1557763596,9,97153,327800538
1557763896,0,9930,327810468
1557763896,1,20884,327831352
1557763896,2,86562,327917914
1557763896,3,77276,327995190
1557763896,4,91296,328086486
1557763896,5,23723,328110209
1557763896,6,28,328110237
1557763896,7,80630,328190867
1557763896,8,1656,328192523
1557763896,9,40937,328233460
1557764196,0,27058,328260518
1557764196,1,62095,328322613
1557764196,2,84223,328406836
1557764196,3,97096,328503932
1557764196,4,51203,328555135
1557764196,5,86052,328641187
1557764196,6,16423,328657610
1557764196,7,42320,328699930
1557764196,8,71751,328771681
1557764196,9,73866,328845547
1557764496,0,73554,328919101
1557764496,1,9131,328928232
1557764496,2,86861,329015093
1557764496,3,30266,329045359
1557764496,4,62487,329107846
1557764496,5,8681,329116527
1557764496,6,21635,329138162
1557764496,7,56641,329194803
1557764496,8,72326,329267129
1557764496,9,6785,329273914
1557764796,0,57351,329331265
1557764796,1,99142,329430407
1557764796,2,43083,329473490
1557764796,3,431,329473921
1557764796,4,99885,329573806
1557764796,5,50884,329624690
1557764796,6,94472,329719162
1557764796,7,81300,329800462
1557764796,8,21138,329821600
1557764796,9,84898,329906498
1557765096,0,74096,329980594
1557765096,1,46010,330026604
1557765096,2,26560,330053164
1557765096,3,15220,330068384
1557765096,4,1813,330070197
1557765096,5,9590,330079787
1557765096,6,83495,330163282
1557765096,7,92458,330255740
1557765096,8,87196,330342936
1557765096,9,12212,330355148
1557765396,0,48593,330403741
1557765396,1,78027,330481768
1557765396,2,51585,330533353
1557765396,3,1455,330534808
1557765396,4,79758,330614566
1557765396,5,84574,330699140
1557765396,6,43138,330742278
1557765396,7,31551,330773829
1557765396,8,14121,330787950
1557765396,9,6515,330794465
1557765696,0,48049,330842514
1557765696,1,64579,330907093
1557765696,2,98960,331006053
1557765696,3,48612,331054665
1557765696,4,83525,331138190
1557765696,5,87325,331225515
1557765696,6,43567,331269082
1557765696,7,67456,331336538
1557765696,8,51363,331387901
1557765696,9,28740,331416641
1557765996,0,88599,331505240
1557765996,1,12404,331517644
1557765996,2,31037,331548681
1557765996,3,20084,331568765
1557765996,4,28943,331597708
1557765996,5,88658,331686366
1557765996,6,11700,331698066
1557765996,7,1606,331699672
1557765996,8,94384,331794056
1557765996,9,19945,331814001
1557766296,0,47038,331861039
1557766296,1,1782,331862821
1557766296,2,92083,331954904
1557766296,3,2824,331957728
1557766296,4,87388,332045116
1557766296,5,30074,332075190
1557766296,6,74388,332149578
1557766296,7,16591,332166169
1557766296,8,3161,332169330
1557766296,9,79470,332248800
1557766596,0,11158,332259958
1557766596,1,7750,332267708
1557766596,2,61053,332328761
1557766596,3,49487,332378248
1557766596,4,35093,332413341
1557766596,5,47399,332460740
1557766596,6,34993,332495733
1557766596,7,69024,332564757
1557766596,8,62117,332626874
1557766596,9,5938,332632812
1557766896,0,33380,332666192
1557766896,1,33497,332699689
1557766896,2,61847,332761536
1557766896,3,92249,332853785
1557766896,4,70997,332924782
1557766896,5,68403,332993185
1557766896,6,28106,333021291
1557766896,7,81182,333102473
1557766896,8,29645,333132118
1557766896,9,17284,333149402
1557767196,0,72900,333222302
1557767196,1,78402,333300704
1557767196,2,47729,333348433
1557767196,3,71457,333419890
1557767196,4,29710,333449600
1557767196,5,2035,333451635
1557767196,6,65828,333517463
1557767196,7,37961,333555424
1557767196,8,59380,333614804
1557767196,9,31619,333646423
1557767496,0,96337,333742760
1557767496,1,97709,333840469
1557767496,2,97574,333938043
1557767496,3,2582,333940625
1557767496,4,43962,333984587
1557767496,5,92340,334076927
1557767496,6,35841,334112768
1557767496,7,80522,334193290
1557767496,8,58628,334251918
1557767496,9,98825,334350743
1557767796,0,5304,334356047
1557767796,1,91938,334447985
1557767796,2,56415,334504400
1557767796,3,78535,334582935
1557767796,4,31632,334614567
1557767796,5,48097,334662664
1557767796,6,17064,334679728
1557767796,7,83728,334763456
1557767796,8,23139,334786595
1557767796,9,28317,334814912
1557768096,0,12257,334827169
1557768096,1,4113,334831282
1557768096,2,68515,334899797
1557768096,3,91548,334991345
1557768096,4,36321,335027666
1557768096,5,30011,335057677
1557768096,6,91432,335149109
1557768096,7,8837,335157946
1557768096,8,60762,335218708
1557768096,9,62620,335281328
1557768396,0,16327,335297655
1557768396,1,18851,335316506
1557768396,2,38932,335355438
1557768396,3,39736,335395174
1557768396,4,59587,335454761
1557768396,5,91051,335545812
1557768396,6,69137,335614949
1557768396,7,75695,335690644
1557768396,8,41327,335731971
1557768396,9,47800,335779771
1557768696,0,94095,335873866
1557768696,1,47310,335921176
1557768696,2,95339,336016515
1557768696,3,61359,336077874
1557768696,4,17776,336095650
1557768696,5,79635,336175285
1557768696,6,21067,336196352
1557768696,7,49103,336245455
1557768696,8,7167,336252622
1557768696,9,5269,336257891
1557768996,0,14837,336272728
1557768996,1,99687,336372415
1557768996,2,78246,336450661
1557768996,3,79586,336530247
1557768996,4,18409,336548656
1557768996,5,22266,336570922
1557768996,6,82802,336653724
1557768996,7,68748,336722472
1557768996,8,29690,336752162
1557768996,9,33725,336785887
1557769296,0,4798,336790685
1557769296,1,25657,336816342
1557769296,2,63362,336879704
1557769296,3,49667,336929371
1557769296,4,840,336930211
1557769296,5,9294,336939505
1557769296,6,13847,336953352
1557769296,7,32186,336985538
1557769296,8,63504,337049042
1557769296,9,1867,337050909
1557769596,0,73407,337124316
1557769596,1,16468,337140784
1557769596,2,57733,337198517
1557769596,3,52042,337250559
1557769596,4,74492,337325051
1557769596,5,40591,337365642
1557769596,6,78356,337443998
1557769596,7,96651,337540649
1557769596,8,50077,337590726
1557769596,9,54506,337645232
1557769896,0,15570,337660802
1557769896,1,56862,337717664
1557769896,2,66266,337783930
1557769896,3,11511,337795441
1557769896,4,64852,337860293
1557769896,5,33731,337894024
1557769896,6,71613,337965637
1557769896,7,87793,338053430
1557769896,8,51395,338104825
1557769896,9,49916,338154741
1557770196,0,39972,338194713
1557770196,1,84764,338279477
1557770196,2,60481,338339958
1557770196,3,56675,338396633
1557770196,4,35246,338431879
1557770196,5,41156,338473035
1557770196,6,91350,338564385
1557770196,7,7125,338571510
1557770196,8,19694,338591204
1557770196,9,7381,338598585
1557770496,0,25430,338624015
1557770496,1,99859,338723874
1557770496,2,56138,338780012
1557770496,3,99197,338879209
1557770496,4,72444,338951653
1557770496,5,58881,339010534
1557770496,6,9262,339019796
1557770496,7,2732,339022528
1557770496,8,71022,339093550
1557770496,9,6922,339100472
1557770796,0,22195,339122667
1557770796,1,36899,339159566
1557770796,2,99440,339259006
1557770796,3,14318,339273324
1557770796,4,13916,339287240
1557770796,5,21653,339308893
1557770796,6,47407,339356300
1557770796,7,45420,339401720
1557770796,8,9840,339411560
1557770796,9,31418,339442978
1557771096,0,24908,339467886
1557771096,1,26194,339494080
1557771096,2,88548,339582628
1557771096,3,81119,339663747
1557771096,4,46191,339709938
1557771096,5,60227,339770165
1557771096,6,63718,339833883
1557771096,7,20336,339854219
1557771096,8,3142,339857361
1557771096,9,61290,339918651
1557771396,0,40491,339959142
1557771396,1,625,339959767
1557771396,2,5808,339965575
1557771396,3,46625,340012200
1557771396,4,94594,340106794
1557771396,5,52876,340159670
1557771396,6,11389,340171059
1557771396,7,59000,340230059
1557771396,8,42101,340272160
1557771396,9,63145,340335305
1557771696,0,59062,340394367
1557771696,1,27834,340422201
1557771696,2,90763,340512964
1557771696,3,83820,340596784
1557771696,4,17060,340613844
1557771696,5,34483,340648327
1557771696,6,50869,340699196
1557771696,7,91880,340791076
1557771696,8,96733,340887809
1557771696,9,66700,340954509
1557771996,0,87613,341042122
1557771996,1,87042,341129164
1557771996,2,61556,341190720
1557771996,3,97461,341288181
1557771996,4,26742,341314923
1557771996,5,37500,341352423
1557771996,6,69775,341422198
1557771996,7,58297,341480495
1557771996,8,76457,341556952
1557771996,9,25785,341582737
1557772296,0,85868,341668605
1557772296,1,80061,341748666
1557772296,2,78250,341826916
1557772296,3,71020,341897936
1557772296,4,29583,341927519
1557772296,5,73818,342001337
1557772296,6,68828,342070165
1557772296,7,69937,342140102
1557772296,8,72621,342212723
1557772296,9,99151,342311874
1557772596,0,57903,342369777
1557772596,1,86449,342456226
1557772596,2,42108,342498334
1557772596,3,12109,342510443
1557772596,4,97801,342608244
1557772596,5,53890,342662134
1557772596,6,91947,342754081
1557772596,7,1027,342755108
1557772596,8,13615,342768723
1557772596,9,80350,342849073
1557772896,0,3097,342852170
1557772896,1,36532,342888702
1557772896,2,47871,342936573
1557772896,3,24020,342960593
1557772896,4,89380,343049973
1557772896,5,3316,343053289
1557772896,6,1183,343054472
1557772896,7,67290,343121762
1557772896,8,25972,343147734
1557772896,9,87008,343234742
1557773196,0,23730,343258472
1557773196,1,31663,343290135
1557773196,2,50097,343340232
1557773196,3,64498,343404730
1557773196,4,27162,343431892
1557773196,5,9198,343441090
1557773196,6,85721,343526811
1557773196,7,81412,343608223
1557773196,8,56164,343664387
1557773196,9,65197,343729584
1557773496,0,32580,343762164
1557773496,1,34269,343796433
1557773496,2,76552,343872985
1557773496,3,30732,343903717
1557773496,4,69295,343973012
1557773496,5,8071,343981083
1557773496,6,25591,344006674
1557773496,7,39968,344046642
1557773496,8,42491,344089133
1557773496,9,85949,344175082
1557773796,0,47509,344222591
1557773796,1,84815,344307406
1557773796,2,46775,344354181
1557773796,3,52613,344406794
1557773796,4,44116,344450910
1557773796,5,41770,344492680
1557773796,6,2623,344495303
1557773796,7,52829,344548132
1557773796,8,43474,344591606
1557773796,9,49082,344640688
1557774096,0,69871,344710559
1557774096,1,25251,344735810
1557774096,2,38283,344774093
1557774096,3,42557,344816650
1557774096,4,98862,344915512
1557774096,5,77168,344992680
1557774096,6,81526,345074206
1557774096,7,84148,345158354
1557774096,8,44579,345202933
1557774096,9,81175,345284108
1557774396,0,74786,345358894
1557774396,1,44868,345403762
1557774396,2,58817,345462579
1557774396,3,10694,345473273
1557774396,4,78927,345552200
1557774396,5,99610,345651810
1557774396,6,31341,345683151
1557774396,7,76480,345759631
1557774396,8,98546,345858177
1557774396,9,77672,345935849
1557774696,0,81411,346017260
1557774696,1,69237,346086497
1557774696,2,35989,346122486
1557774696,3,95380,346217866
1557774696,4,83953,346301819
1557774696,5,79399,346381218
1557774696,6,66381,346447599
1557774696,7,50487,346498086
1557774696,8,43270,346541356
1557774696,9,79215,346620571
1557774996,0,69696,346690267
1557774996,1,76153,346766420
1557774996,2,5507,346771927
1557774996,3,104,346772031
1557774996,4,28320,346800351
1557774996,5,13908,346814259
1557774996,6,51158,346865417
1557774996,7,63639,346929056
1557774996,8,8395,346937451
1557774996,9,23877,346961328
1557775296,0,80587,347041915
1557775296,1,99578,347141493
1557775296,2,56903,347198396
1557775296,3,87782,347286178
1557775296,4,7853,347294031
1557775296,5,53857,347347888
1557775296,6,1177,347349065
1557775296,7,92171,347441236
1557775296,8,95045,347536281
1557775296,9,97037,347633318
1557775596,0,11416,347644734
1557775596,1,29248,347673982
1557775596,2,87988,347761970
1557775596,3,4127,347766097
1557775596,4,84549,347850646
1557775596,5,23051,347873697
1557775596,6,55168,347928865
1557775596,7,72876,348001741
1557775596,8,93952,348095693
1557775596,9,60784,348156477
1557775896,0,58372,348214849
1557775896,1,47382,348262231
1557775896,2,63603,348325834
1557775896,3,32668,348358502
1557775896,4,69851,348428353
1557775896,5,62868,348491221
1557775896,6,13889,348505110
1557775896,7,18839,348523949
1557775896,8,69342,348593291
1557775896,9,72539,348665830
1557776196,0,49820,348715650
1557776196,1,12971,348728621
1557776196,2,85553,348814174
1557776196,3,88428,348902602
1557776196,4,59490,348962092
1557776196,5,93443,349055535
1557776196,6,11492,349067027
1557776196,7,43169,349110196
1557776196,8,75621,349185817
1557776196,9,48689,349234506
1557776496,0,49327,349283833
1557776496,1,95958,349379791
1557776496,2,63483,349443274
1557776496,3,97249,349540523
1557776496,4,81932,349622455
1557776496,5,85093,349707548
1557776496,6,72074,349779622
1557776496,7,27141,349806763
1557776496,8,88067,349894830
1557776496,9,45245,349940075
1557776796,0,37894,349977969
1557776796,1,82561,350060530
1557776796,2,74170,350134700
1557776796,3,8963,350143663
1557776796,4,67739,350211402
1557776796,5,33483,350244885
1557776796,6,72298,350317183
1557776796,7,13592,350330775
1557776796,8,33928,350364703
1557776796,9,18499,350383202
1557777096,0,80005,350463207
1557777096,1,65390,350528597
1557777096,2,41685,350570282
1557777096,3,62752,350633034
1557777096,4,49443,350682477
1557777096,5,73633,350756110
1557777096,6,26705,350782815
1557777096,7,67977,350850792
1557777096,8,67094,350917886
1557777096,9,66046,350983932
1557777396,0,45499,351029431
1557777396,1,10284,351039715
1557777396,2,27987,351067702
1557777396,3,74544,351142246
1557777396,4,8870,351151116
1557777396,5,7131,351158247
1557777396,6,3582,351161829
1557777396,7,37940,351199769
1557777396,8,90955,351290724
1557777396,9,49697,351340421
1557777696,0,54758,351395179
1557777696,1,56311,351451490
1557777696,2,72069,351523559
1557777696,3,91546,351615105
1557777696,4,17030,351632135
1557777696,5,83875,351716010
1557777696,6,15148,351731158
1557777696,7,46413,351777571
1557777696,8,36002,351813573
1557777696,9,58789,351872362
1557777996,0,37924,351910286
1557777996,1,60009,351970295
1557777996,2,31854,352002149
1557777996,3,3591,352005740
1557777996,4,97881,352103621
1557777996,5,79907,352183528
1557777996,6,15426,352198954
1557777996,7,7038,352205992
1557777996,8,72063,352278055
1557777996,9,12517,352290572
1557778296,0,52167,352342739
1557778296,1,6733,352349472
1557778296,2,8685,352358157
1557778296,3,59961,352418118
1557778296,4,86906,352505024
1557778296,5,33835,352538859
1557778296,6,71954,352610813
1557778296,7,88883,352699696
1557778296,8,53527,352753223
1557778296,9,7049,352760272
1557778596,0,93567,352853839
1557778596,1,33998,352887837
1557778596,2,6103,352893940
1557778596,3,93820,352987760
1557778596,4,4433,352992193
1557778596,5,93138,353085331
1557778596,6,23580,353108911
1557778596,7,46106,353155017
1557778596,8,53135,353208152
1557778596,9,91202,353299354
1557778896,0,32765,353332119
1557778896,1,3366,353335485
1557778896,2,28001,353363486
1557778896,3,23649,353387135
1557778896,4,59453,353446588
1557778896,5,16531,353463119
1557778896,6,54219,353517338
1557778896,7,19435,353536773
1557778896,8,20060,353556833
1557778896,9,97111,353653944
1557779196,0,29822,353683766
1557779196,1,14993,353698759
1557779196,2,4294,353703053
1557779196,3,3669,353706722
1557779196,4,66548,353773270
1557779196,5,83759,353857029
1557779196,6,10587,353867616
1557779196,7,43206,353910822
1557779196,8,77801,353988623
1557779196,9,61500,354050123
1557779496,0,872,354050995
1557779496,1,25978,354076973
1557779496,2,96707,354173680
1557779496,3,40070,354213750
1557779496,4,95996,354309746
1557779496,5,84358,354394104
1557779496,6,28392,354422496
1557779496,7,97240,354519736
1557779496,8,7512,354527248
1557779496,9,37500,354564748
1557779796,0,59314,354624062
1557779796,1,16072,354640134
1557779796,2,23499,354663633
1557779796,3,62898,354726531
1557779796,4,47011,354773542
1557779796,5,69946,354843488
1557779796,6,8560,354852048
1557779796,7,57775,354909823
1557779796,8,52167,354961990
1557779796,9,82573,355044563
1557780096,0,87938,355132501
1557780096,1,78075,355210576
1557780096,2,63020,355273596
1557780096,3,99555,355373151
1557780096,4,97,355373248
1557780096,5,95753,355469001
1557780096,6,24952,355493953
1557780096,7,50925,355544878
1557780096,8,28540,355573418
1557780096,9,66973,355640391
1557780396,0,72817,355713208
1557780396,1,38106,355751314
1557780396,2,80932,355832246
1557780396,3,23599,355855845
1557780396,4,31413,355887258
1557780396,5,15206,355902464
1557780396,6,58506,355960970
1557780396,7,128,355961098
1557780396,8,73035,356034133
1557780396,9,33954,356068087
1557780696,0,81648,356149735
1557780696,1,91290,356241025
1557780696,2,47758,356288783
1557780696,3,2127,356290910
1557780696,4,62539,356353449
1557780696,5,42348,356395797
1557780696,6,41902,356437699
1557780696,7,91335,356529034
1557780696,8,21410,356550444
1557780696,9,33214,356583658
1557780996,0,3901,356587559
1557780996,1,79973,356667532
1557780996,2,30543,356698075
1557780996,3,81225,356779300
1557780996,4,80664,356859964
1557780996,5,14939,356874903
1557780996,6,8369,356883272
1557780996,7,28882,356912154
1557780996,8,53697,356965851
1557780996,9,63844,357029695
1557781296,0,68017,357097712
1557781296,1,13315,357111027
1557781296,2,89855,357200882
1557781296,3,4371,357205253
1557781296,4,21415,357226668
1557781296,5,79667,357306335
1557781296,6,21551,357327886
1557781296,7,44718,357372604
1557781296,8,22429,357395033
1557781296,9,66440,357461473
1557781596,0,54970,357516443
1557781596,1,33543,357549986
1557781596,2,41900,357591886
1557781596,3,49155,357641041
1557781596,4,30834,357671875
1557781596,5,22971,357694846
1557781596,6,84451,357779297
1557781596,7,18219,357797516
1557781596,8,19724,357817240
1557781596,9,78992,357896232
1557781896,0,36629,357932861
1557781896,1,47736,357980597
1557781896,2,25843,358006440
1557781896,3,6341,358012781
1557781896,4,99149,358111930
1557781896,5,15121,358127051
1557781896,6,73488,358200539
1557781896,7,12781,358213320
1557781896,8,65870,358279190
1557781896,9,88275,358367465
1557782196,0,87401,358454866
1557782196,1,37737,358492603
1557782196,2,14546,358507149
1557782196,3,24126,358531275
1557782196,4,28453,358559728
1557782196,5,33536,358593264
1557782196,6,32940,358626204
1557782196,7,36253,358662457
1557782196,8,68980,358731437
1557782196,9,40459,358771896
1557782496,0,5678,358777574
1557782496,1,97219,358874793
1557782496,2,32046,358906839
1557782496,3,72463,358979302
1557782496,4,53740,359033042
1557782496,5,13485,359046527
1557782496,6,87204,359133731
1557782496,7,92251,359225982
1557782496,8,45749,359271731
1557782496,9,73062,359344793
1557782796,0,15194,359359987
1557782796,1,31784,359391771
1557782796,2,43543,359435314
1557782796,3,72930,359508244
1557782796,4,90495,359598739
1557782796,5,73297,359672036
1557782796,6,20113,359692149
1557782796,7,43095,359735244
1557782796,8,62804,359798048
1557782796,9,25852,359823900
1557783096,0,23785,359847685
1557783096,1,70849,359918534
1557783096,2,49171,359967705
1557783096,3,6683,359974388
1557783096,4,58633,360033021
1557783096,5,62283,360095304
1557783096,6,99698,360195002
1557783096,7,13898,360208900
1557783096,8,57027,360265927
1557783096,9,74691,360340618
1557783396,0,57626,360398244
1557783396,1,51204,360449448
1557783396,2,49957,360499405
1557783396,3,77550,360576955
1557783396,4,96731,360673686
1557783396,5,82804,360756490
1557783396,6,41172,360797662
1557783396,7,71293,360868955
1557783396,8,16177,360885132
1557783396,9,56736,360941868
1557783696,0,96615,361038483
1557783696,1,36449,361074932
1557783696,2,74604,361149536
1557783696,3,68025,361217561
1557783696,4,84880,361302441
1557783696,5,29247,361331688
1557783696,6,19538,361351226
1557783696,7,82214,361433440
1557783696,8,76649,361510089
1557783696,9,87094,361597183
1557783996,0,84761,361681944
1557783996,1,32090,361714034
1557783996,2,81163,361795197
1557783996,3,37442,361832639
1557783996,4,52792,361885431
1557783996,5,86809,361972240
1557783996,6,30156,362002396
1557783996,7,81919,362084315
1557783996,8,91225,362175540
1557783996,9,19208,362194748
1557784296,0,32087,362226835
1557784296,1,22083,362248918
1557784296,2,35189,362284107
1557784296,3,64052,362348159
1557784296,4,13959,362362118
1557784296,5,45645,362407763
1557784296,6,51155,362458918
1557784296,7,49566,362508484
1557784296,8,98424,362606908
1557784296,9,68813,362675721
1557784596,0,51235,362726956
1557784596,1,65239,362792195
1557784596,2,80458,362872653
1557784596,3,75925,362948578
1557784596,4,43086,362991664
1557784596,5,75704,363067368
1557784596,6,55040,363122408
1557784596,7,66410,363188818
1557784596,8,64640,363253458
1557784596,9,87259,363340717
1557784896,0,72132,363412849
1557784896,1,40557,363453406
1557784896,2,14791,363468197
1557784896,3,93091,363561288
1557784896,4,71146,363632434
1557784896,5,7698,363640132
1557784896,6,84356,363724488
1557784896,7,78851,363803339
1557784896,8,70068,363873407
1557784896,9,14670,363888077
1557785196,0,56592,363944669
1557785196,1,41864,363986533
1557785196,2,58929,364045462
1557785196,3,7479,364052941
1557785196,4,90166,364143107
1557785196,5,48779,364191886
1557785196,6,36811,364228697
1557785196,7,54636,364283333
1557785196,8,27412,364310745
1557785196,9,6465,364317210
1557785496,0,69877,364387087
1557785496,1,82840,364469927
1557785496,2,93994,364563921
1557785496,3,62778,364626699
1557785496,4,56887,364683586
1557785496,5,12274,364695860
1557785496,6,99503,364795363
1557785496,7,9536,364804899
1557785496,8,21238,364826137
1557785496,9,19676,364845813
1557785796,0,65585,364911398
1557785796,1,792,364912190
1557785796,2,11501,364923691
1557785796,3,93026,365016717
1557785796,4,10022,365026739
1557785796,5,84183,365110922
1557785796,6,29166,365140088
1557785796,7,81900,365221988
1557785796,8,41606,365263594
1557785796,9,24471,365288065
1557786096,0,73365,365361430
1557786096,1,90708,365452138
1557786096,2,87321,365539459
1557786096,3,58491,365597950
1557786096,4,62944,365660894
1557786096,5,13312,365674206
1557786096,6,76939,365751145
1557786096,7,33388,365784533
1557786096,8,76046,365860579
1557786096,9,16875,365877454
1557786396,0,78774,365956228
1557786396,1,97508,366053736
1557786396,2,73634,366127370
1557786396,3,6165,366133535
1557786396,4,30256,366163791
1557786396,5,93574,366257365
1557786396,6,58650,366316015
1557786396,7,52365,366368380
1557786396,8,30173,366398553
1557786396,9,87324,366485877
1557786696,0,36791,366522668
1557786696,1,22734,366545402
1557786696,2,89041,366634443
1557786696,3,28362,366662805
1557786696,4,28839,366691644
1557786696,5,38082,366729726
1557786696,6,16022,366745748
1557786696,7,28869,366774617
1557786696,8,27910,366802527
1557786696,9,33191,366835718
1557786996,0,53127,366888845
1557786996,1,34482,366923327
1557786996,2,46663,366969990
1557786996,3,52067,367022057
1557786996,4,54700,367076757
1557786996,5,20731,367097488
1557786996,6,82978,367180466
1557786996,7,48158,367228624
1557786996,8,83225,367311849
1557786996,9,51703,367363552
1557787296,0,63228,367426780
1557787296,1,13815,367440595
1557787296,2,89923,367530518
1557787296,3,68759,367599277
1557787296,4,14957,367614234
1557787296,5,89445,367703679
1557787296,6,77232,367780911
1557787296,7,89117,367870028
1557787296,8,64596,367934624
1557787296,9,42010,367976634
1557787596,0,36396,368013030
1557787596,1,96805,368109835
1557787596,2,63389,368173224
1557787596,3,1374,368174598
1557787596,4,3065,368177663
1557787596,5,13454,368191117
1557787596,6,18629,368209746
1557787596,7,33816,368243562
1557787596,8,10005,368253567
1557787596,9,24728,368278295
1557787896,0,21021,368299316
1557787896,1,39186,368338502
1557787896,2,2195,368340697
1557787896,3,61677,368402374
1557787896,4,6486,368408860
1557787896,5,21449,368430309
1557787896,6,95860,368526169
1557787896,7,25156,368551325
1557787896,8,69374,368620699
1557787896,9,77679,368698378
1557788196,0,39270,368737648
1557788196,1,98363,368836011
1557788196,2,37540,368873551
1557788196,3,47164,368920715
1557788196,4,72713,368993428
1557788196,5,99540,369092968
1557788196,6,75866,369168834
1557788196,7,78246,369247080
1557788196,8,56851,369303931
1557788196,9,77233,369381164
1557788496,0,9203,369390367
1557788496,1,82909,369473276
1557788496,2,37131,369510407
1557788496,3,68998,369579405
1557788496,4,42353,369621758
1557788496,5,56394,369678152
1557788496,6,38184,369716336
1557788496,7,14855,369731191
1557788496,8,22892,369754083
1557788496,9,76123,369830206
1557788796,0,68632,369898838
1557788796,1,59077,369957915
1557788796,2,60993,370018908
1557788796,3,50676,370069584
1557788796,4,61603,370131187
1557788796,5,88956,370220143
1557788796,6,55270,370275413
1557788796,7,70076,370345489
1557788796,8,66062,370411551
1557788796,9,4160,370415711
1557789096,0,83249,370498960
1557789096,1,14858,370513818
1557789096,2,73064,370586882
1557789096,3,2456,370589338
1557789096,4,1555,370590893
1557789096,5,7321,370598214
1557789096,6,46539,370644753
1557789096,7,14036,370658789
1557789096,8,8026,370666815
1557789096,9,73691,370740506
1557789396,0,18473,370758979
1557789396,1,48530,370807509
1557789396,2,13439,370820948
1557789396,3,48933,370869881
1557789396,4,97944,370967825
1557789396,5,52181,371020006
1557789396,6,66076,371086082
1557789396,7,27400,371113482
1557789396,8,11823,371125305
1557789396,9,66125,371191430
1557789696,0,14140,371205570
1557789696,1,3384,371208954
1557789696,2,13982,371222936
1557789696,3,67183,371290119
1557789696,4,90668,371380787
1557789696,5,77141,371457928
1557789696,6,97051,371554979
1557789696,7,6270,371561249
1557789696,8,66597,371627846
1557789696,9,43053,371670899
1557789996,0,5532,371676431
1557789996,1,85199,371761630
1557789996,2,65654,371827284
1557789996,3,79520,371906804
1557789996,4,55869,371962673
1557789996,5,32277,371994950
1557789996,6,86651,372081601
1557789996,7,44762,372126363
1557789996,8,67236,372193599
1557789996,9,23455,372217054
1557790296,0,27617,372244671
1557790296,1,44808,372289479
1557790296,2,96690,372386169
1557790296,3,79651,372465820
1557790296,4,4577,372470397
1557790296,5,62379,372532776
1557790296,6,34637,372567413
1557790296,7,81530,372648943
1557790296,8,10043,372658986
1557790296,9,69048,372728034
1557790596,0,61396,372789430
1557790596,1,28882,372818312
1557790596,2,27710,372846022
1557790596,3,47349,372893371
1557790596,4,85120,372978491
1557790596,5,87056,373065547
1557790596,6,8996,373074543
1557790596,7,65195,373139738
1557790596,8,36744,373176482
1557790596,9,87467,373263949
1557790896,0,70662,373334611
1557790896,1,95667,373430278
1557790896,2,96143,373526421
1557790896,3,77525,373603946
1557790896,4,54226,373658172
1557790896,5,55504,373713676
1557790896,6,6164,373719840
1557790896,7,17803,373737643
1557790896,8,21345,373758988
1557790896,9,80762,373839750
1557791196,0,57734,373897484
1557791196,1,51742,373949226
1557791196,2,34752,373983978
1557791196,3,96870,374080848
1557791196,4,93666,374174514
1557791196,5,99579,374274093
1557791196,6,33233,374307326
1557791196,7,94482,374401808
1557791196,8,34817,374436625
1557791196,9,52916,374489541
1557791496,0,30470,374520011
1557791496,1,92318,374612329
1557791496,2,23530,374635859
1557791496,3,4789,374640648
1557791496,4,86518,374727166
1557791496,5,16706,374743872
1557791496,6,16257,374760129
1557791496,7,5535,374765664
1557791496,8,91105,374856769
1557791496,9,44432,374901201
1557791796,0,1319,374902520
1557791796,1,34988,374937508
1557791796,2,60444,374997952
1557791796,3,73699,375071651
1557791796,4,54940,375126591
1557791796,5,20727,375147318
1557791796,6,73462,375220780
1557791796,7,81275,375302055
1557791796,8,33065,375335120
1557791796,9,10056,375345176
1557792096,0,68407,375413583
1557792096,1,67564,375481147
1557792096,2,84681,375565828
1557792096,3,29825,375595653
1557792096,4,83544,375679197
1557792096,5,52331,375731528
1557792096,6,2422,375733950
1557792096,7,59525,375793475
1557792096,8,59115,375852590
1557792096,9,67062,375919652
1557792396,0,75865,375995517
1557792396,1,82934,376078451
1557792396,2,66155,376144606
1557792396,3,58553,376203159
1557792396,4,19481,376222640
1557792396,5,37133,376259773
1557792396,6,49262,376309035
1557792396,7,5384,376314419
1557792396,8,68224,376382643
1557792396,9,30552,376413195
1557792696,0,30930,376444125
1557792696,1,20266,376464391
1557792696,2,37899,376502290
1557792696,3,52085,376554375
1557792696,4,96635,376651010
1557792696,5,25275,376676285
1557792696,6,5387,376681672
1557792696,7,65172,376746844
1557792696,8,79436,376826280
1557792696,9,14150,376840430
1557792996,0,35286,376875716
1557792996,1,58914,376934630
1557792996,2,74227,377008857
1557792996,3,72413,377081270
1557792996,4,15226,377096496
1557792996,5,97447,377193943
1557792996,6,71880,377265823
1557792996,7,19413,377285236
1557792996,8,25038,377310274
1557792996,9,77351,377387625
1557793296,0,450,377388075
1557793296,1,33580,377421655
1557793296,2,46860,377468515
1557793296,3,4696,377473211
1557793296,4,83620,377556831
1557793296,5,33953,377590784
1557793296,6,54,377590838
1557793296,7,71792,377662630
1557793296,8,49729,377712359
1557793296,9,64840,377777199
1557793596,0,66922,377844121
1557793596,1,54226,377898347
1557793596,2,86987,377985334
1557793596,3,5353,377990687
1557793596,4,24121,378014808
1557793596,5,35857,378050665
1557793596,6,98301,378148966
1557793596,7,17198,378166164
1557793596,8,90834,378256998
1557793596,9,50590,378307588
1557793896,0,1753,378309341
1557793896,1,92026,378401367
1557793896,2,43084,378444451
1557793896,3,51900,378496351
1557793896,4,79518,378575869
1557793896,5,12675,378588544
1557793896,6,76141,378664685
1557793896,7,4744,378669429
1557793896,8,74774,378744203
1557793896,9,95679,378839882
1557794196,0,12565,378852447
1557794196,1,66136,378918583
1557794196,2,58858,378977441
1557794196,3,89656,379067097
1557794196,4,38096,379105193
1557794196,5,95278,379200471
1557794196,6,25931,379226402
1557794196,7,47696,379274098
1557794196,8,9316,379283414
1557794196,9,49677,379333091
1557794496,0,24495,379357586
1557794496,1,60027,379417613
1557794496,2,91279,379508892
1557794496,3,42576,379551468
1557794496,4,64191,379615659
1557794496,5,84867,379700526
1557794496,6,29465,379729991
1557794496,7,50307,379780298
1557794496,8,1204,379781502
1557794496,9,79498,379861000
1557794796,0,4248,379865248
1557794796,1,92512,379957760
1557794796,2,77757,380035517
1557794796,3,65951,380101468
1557794796,4,33944,380135412
1557794796,5,12983,380148395
1557794796,6,15081,380163476
1557794796,7,73291,380236767
1557794796,8,94058,380330825
1557794796,9,94061,380424886
1557795096,0,57801,380482687
1557795096,1,58739,380541426
1557795096,2,14070,380555496
1557795096,3,22252,380577748
1557795096,4,64413,380642161
1557795096,5,16300,380658461
1557795096,6,71037,380729498
1557795096,7,61004,380790502
1557795096,8,22466,380812968
1557795096,9,73211,380886179
1557795396,0,64706,380950885
1557795396,1,7104,380957989
1557795396,2,95632,381053621
1557795396,3,96054,381149675
1557795396,4,34397,381184072
1557795396,5,51434,381235506
1557795396,6,10833,381246339
1557795396,7,96648,381342987
1557795396,8,95640,381438627
1557795396,9,58636,381497263
1557795696,0,19047,381516310
1557795696,1,39979,381556289
1557795696,2,848,381557137
1557795696,3,16647,381573784
1557795696,4,29702,381603486
1557795696,5,83495,381686981
1557795696,6,5115,381692096
1557795696,7,79423,381771519
1557795696,8,66470,381837989
1557795696,9,59003,381896992
1557795996,0,51132,381948124
1557795996,1,97037,382045161
1557795996,2,91698,382136859
1557795996,3,43813,382180672
1557795996,4,23203,382203875
1557795996,5,3868,382207743
1557795996,6,78527,382286270
1557795996,7,54160,382340430
1557795996,8,66795,382407225
1557795996,9,90671,382497896
1557796296,0,44833,382542729
1557796296,1,87453,382630182
1557796296,2,18154,382648336
1557796296,3,873,382649209
1557796296,4,19653,382668862
1557796296,5,91841,382760703
1557796296,6,1586,382762289
1557796296,7,23471,382785760
1557796296,8,41635,382827395
1557796296,9,21000,382848395
1557796596,0,84492,382932887
1557796596,1,12377,382945264
1557796596,2,34568,382979832
1557796596,3,61108,383040940
1557796596,4,73763,383114703
1557796596,5,74050,383188753
1557796596,6,71781,383260534
1557796596,7,82205,383342739
1557796596,8,91318,383434057
1557796596,9,49645,383483702
1557796896,0,29734,383513436
1557796896,1,66080,383579516
1557796896,2,91969,383671485
1557796896,3,17765,383689250
1557796896,4,68512,383757762
1557796896,5,21185,383778947
1557796896,6,18323,383797270
1557796896,7,87448,383884718
1557796896,8,17667,383902385
1557796896,9,9612,383911997
1557797196,0,39073,383951070
1557797196,1,44481,383995551
1557797196,2,93459,384089010
1557797196,3,63222,384152232
1557797196,4,66616,384218848
1557797196,5,70314,384289162
1557797196,6,93582,384382744
1557797196,7,16787,384399531
1557797196,8,45531,384445062
1557797196,9,54473,384499535
1557797496,0,28859,384528394
1557797496,1,95418,384623812
1557797496,2,2410,384626222
1557797496,3,97541,384723763
1557797496,4,41246,384765009
1557797496,5,16398,384781407
1557797496,6,83183,384864590
1557797496,7,3502,384868092
1557797496,8,30726,384898818
1557797496,9,9965,384908783
1557797796,0,92949,385001732
1557797796,1,95767,385097499
1557797796,2,32433,385129932
1557797796,3,56749,385186681
1557797796,4,85218,385271899
1557797796,5,49574,385321473
1557797796,6,45749,385367222
1557797796,7,90301,385457523
1557797796,8,55220,385512743
1557797796,9,88447,385601190
1557798096,0,39069,385640259
1557798096,1,10043,385650302
1557798096,2,9194,385659496
1557798096,3,86342,385745838
1557798096,4,90014,385835852
1557798096,5,18323,385854175
1557798096,6,32415,385886590
1557798096,7,4942,385891532
1557798096,8,33129,385924661
1557798096,9,49415,385974076
1557798396,0,41576,386015652
1557798396,1,54985,386070637
1557798396,2,49871,386120508
1557798396,3,77882,386198390
1557798396,4,10753,386209143
1557798396,5,93540,386302683
1557798396,6,72048,386374731
1557798396,7,71366,386446097
1557798396,8,88169,386534266
1557798396,9,59580,386593846
1557798696,0,64178,386658024
1557798696,1,59188,386717212
1557798696,2,74968,386792180
1557798696,3,66042,386858222
1557798696,4,1705,386859927
1557798696,5,40355,386900282
1557798696,6,76663,386976945
1557798696,7,29111,387006056
1557798696,8,7808,387013864
1557798696,9,92602,387106466
1557798996,0,60789,387167255
1557798996,1,94558,387261813
1557798996,2,43710,387305523
1557798996,3,81315,387386838
1557798996,4,42935,387429773
1557798996,5,3833,387433606
1557798996,6,37559,387471165
1557798996,7,97310,387568475
1557798996,8,47562,387616037
1557798996,9,96556,387712593
1557799296,0,48152,387760745
1557799296,1,24416,387785161
1557799296,2,40912,387826073
1557799296,3,24696,387850769
1557799296,4,76186,387926955
1557799296,5,37492,387964447
1557799296,6,88873,388053320
1557799296,7,33252,388086572
1557799296,8,82983,388169555
1557799296,9,62340,388231895
1557799596,0,64451,388296346
1557799596,1,53152,388349498
1557799596,2,64278,388413776
1557799596,3,25497,388439273
1557799596,4,42094,388481367
1557799596,5,57294,388538661
1557799596,6,80114,388618775
1557799596,7,6684,388625459
1557799596,8,2462,388627921
1557799596,9,1233,388629154
1557799896,0,3577,388632731
1557799896,1,35498,388668229
1557799896,2,51363,388719592
1557799896,3,93220,388812812
1557799896,4,90299,388903111
1557799896,5,49037,388952148
1557799896,6,54128,389006276
1557799896,7,53431,389059707
1557799896,8,61693,389121400
1557799896,9,41424,389162824
1557800196,0,13575,389176399
1557800196,1,44763,389221162
1557800196,2,89324,389310486
1557800196,3,34107,389344593
1557800196,4,30530,389375123
1557800196,5,11353,389386476
1557800196,6,7529,389394005
1557800196,7,85405,389479410
1557800196,8,96469,389575879
1557800196,9,1815,389577694
1557800496,0,51331,389629025
1557800496,1,79514,389708539
1557800496,2,39117,389747656
1557800496,3,80059,389827715
1557800496,4,59473,389887188
1557800496,5,55189,389942377
1557800496,6,14212,389956589
1557800496,7,13049,389969638
1557800496,8,50273,390019911
1557800496,9,8758,390028669
1557800796,0,15283,390043952
1557800796,1,72796,390116748
1557800796,2,98380,390215128
1557800796,3,31686,390246814
1557800796,4,57656,390304470
1557800796,5,42682,390347152
1557800796,6,90251,390437403
1557800796,7,40836,390478239
1557800796,8,5616,390483855
1557800796,9,7785,390491640
1557801096,0,20434,390512074
1557801096,1,79688,390591762
1557801096,2,22450,390614212
1557801096,3,77792,390692004
1557801096,4,7348,390699352
1557801096,5,4132,390703484
1557801096,6,90627,390794111
1557801096,7,28052,390822163
1557801096,8,33270,390855433
1557801096,9,71556,390926989
1557801396,0,88510,391015499
1557801396,1,82772,391098271
1557801396,2,14602,391112873
1557801396,3,9379,391122252
1557801396,4,89256,391211508
1557801396,5,32723,391244231
1557801396,6,42859,391287090
1557801396,7,11399,391298489
1557801396,8,5605,391304094
1557801396,9,66605,391370699
1557801696,0,38939,391409638
1557801696,1,63198,391472836
1557801696,2,70136,391542972
1557801696,3,22522,391565494
1557801696,4,1211,391566705
1557801696,5,84512,391651217
1557801696,6,95480,391746697
1557801696,7,25952,391772649
1557801696,8,3993,391776642
1557801696,9,33662,391810304
1557801996,0,12061,391822365
1557801996,1,46295,391868660
1557801996,2,13545,391882205
1557801996,3,52171,391934376
1557801996,4,1705,391936081
1557801996,5,64695,392000776
1557801996,6,50325,392051101
1557801996,7,49859,392100960
1557801996,8,97341,392198301
1557801996,9,55270,392253571
1557802296,0,30939,392284510
1557802296,1,41295,392325805
1557802296,2,62504,392388309
1557802296,3,54180,392442489
1557802296,4,43206,392485695
1557802296,5,76702,392562397
1557802296,6,37553,392599950
1557802296,7,70783,392670733
1557802296,8,34939,392705672
1557802296,9,87983,392793655
1557802596,0,78174,392871829
1557802596,1,35809,392907638
1557802596,2,90046,392997684
1557802596,3,16773,393014457
1557802596,4,1465,393015922
1557802596,5,17802,393033724
1557802596,6,7897,393041621
1557802596,7,73108,393114729
1557802596,8,70578,393185307
1557802596,9,6737,393192044
1557802896,0,64880,393256924
1557802896,1,29126,393286050
1557802896,2,28491,393314541
1557802896,3,36565,393351106
1557802896,4,9590,393360696
1557802896,5,75782,393436478
1557802896,6,44119,393480597
1557802896,7,35153,393515750
1557802896,8,96515,393612265
1557802896,9,54806,393667071
1557803196,0,65816,393732887
1557803196,1,21967,393754854
1557803196,2,24480,393779334
1557803196,3,73576,393852910
1557803196,4,81833,393934743
1557803196,5,27923,393962666
1557803196,6,35649,393998315
1557803196,7,73408,394071723
1557803196,8,87362,394159085
1557803196,9,49049,394208134
1557803496,0,51791,394259925
1557803496,1,18992,394278917
1557803496,2,85236,394364153
1557803496,3,75825,394439978
1557803496,4,13560,394453538
1557803496,5,75987,394529525
1557803496,6,23506,394553031
1557803496,7,56047,394609078
1557803496,8,80786,394689864
1557803496,9,13090,394702954
1557803796,0,1723,394704677
1557803796,1,97333,394802010
1557803796,2,82668,394884678
1557803796,3,37485,394922163
1557803796,4,564,394922727
1557803796,5,31909,394954636
1557803796,6,71925,395026561
1557803796,7,82742,395109303
1557803796,8,5719,395115022
1557803796,9,70776,395185798
1557804096,0,23865,395209663
1557804096,1,95072,395304735
1557804096,2,38066,395342801
1557804096,3,14478,395357279
1557804096,4,48417,395405696
1557804096,5,83707,395489403
1557804096,6,81912,395571315
1557804096,7,90272,395661587
1557804096,8,8989,395670576
1557804096,9,61961,395732537
1557804396,0,91965,395824502
1557804396,1,16155,395840657
1557804396,2,1086,395841743
1557804396,3,64288,395906031
1557804396,4,78003,395984034
1557804396,5,77801,396061835
1557804396,6,97794,396159629
1557804396,7,96926,396256555
1557804396,8,56651,396313206
1557804396,9,59641,396372847
1557804696,0,15883,396388730
1557804696,1,44844,396433574
1557804696,2,44657,396478231
1557804696,3,79839,396558070
1557804696,4,50444,396608514
1557804696,5,27106,396635620
1557804696,6,21404,396657024
1557804696,7,91101,396748125
1557804696,8,54742,396802867
1557804696,9,20410,396823277
1557804996,0,96948,396920225
1557804996,1,68802,396989027
1557804996,2,94743,397083770
1557804996,3,79975,397163745
1557804996,4,3316,397167061
1557804996,5,16558,397183619
1557804996,6,88751,397272370
1557804996,7,29932,397302302
1557804996,8,17390,397319692
1557804996,9,20042,397339734
1557805296,0,59978,397399712
1557805296,1,1513,397401225
1557805296,2,81455,397482680
1557805296,3,57417,397540097
1557805296,4,92729,397632826
1557805296,5,28178,397661004
1557805296,6,33776,397694780
1557805296,7,37470,397732250
1557805296,8,28813,397761063
1557805296,9,53271,397814334
1557805596,0,41039,397855373
1557805596,1,66,397855439
1557805596,2,58196,397913635
1557805596,3,20855,397934490
1557805596,4,35300,397969790
1557805596,5,40870,398010660
1557805596,6,56201,398066861
1557805596,7,41900,398108761
1557805596,8,73670,398182431
1557805596,9,35468,398217899
1557805896,0,94861,398312760
1557805896,1,34033,398346793
1557805896,2,55807,398402600
1557805896,3,84176,398486776
1557805896,4,62657,398549433
1557805896,5,21422,398570855
1557805896,6,41717,398612572
1557805896,7,9255,398621827
1557805896,8,31228,398653055
1557805896,9,53962,398707017
1557806196,0,64170,398771187
1557806196,1,41441,398812628
1557806196,2,88396,398901024
1557806196,3,34811,398935835
1557806196,4,4761,398940596
1557806196,5,51882,398992478
1557806196,6,75340,399067818
1557806196,7,96913,399164731
1557806196,8,23707,399188438
1557806196,9,53622,399242060
1557806496,0,68079,399310139
1557806496,1,60201,399370340
1557806496,2,48168,399418508
1557806496,3,19967,399438475
1557806496,4,53393,399491868
1557806496,5,2922,399494790
1557806496,6,39621,399534411
1557806496,7,24180,399558591
1557806496,8,23312,399581903
1557806496,9,31426,399613329
1557806796,0,87228,399700557
1557806796,1,52246,399752803
1557806796,2,50717,399803520
1557806796,3,25107,399828627
1557806796,4,66212,399894839
1557806796,5,22549,399917388
1557806796,6,37814,399955202
1557806796,7,92034,400047236
1557806796,8,78416,400125652
1557806796,9,39228,400164880
1557807096,0,45404,400210284
1557807096,1,88056,400298340
1557807096,2,92776,400391116
1557807096,3,56135,400447251
1557807096,4,74731,400521982
1557807096,5,59974,400581956
1557807096,6,15537,400597493
1557807096,7,29486,400626979
1557807096,8,72330,400699309
1557807096,9,19814,400719123
1557807396,0,35386,400754509
1557807396,1,22995,400777504
1557807396,2,29895,400807399
1557807396,3,87479,400894878
1557807396,4,17469,400912347
1557807396,5,37666,400950013
1557807396,6,98327,401048340
1557807396,7,84655,401132995
1557807396,8,51485,401184480
1557807396,9,64308,401248788
1557807696,0,5371,401254159
1557807696,1,15261,401269420
1557807696,2,78835,401348255
1557807696,3,53521,401401776
1557807696,4,75483,401477259
1557807696,5,82724,401559983
1557807696,6,39129,401599112
1557807696,7,98747,401697859
1557807696,8,68191,401766050
1557807696,9,82372,401848422
1557807996,0,24746,401873168
1557807996,1,54696,401927864
1557807996,2,23332,401951196
1557807996,3,12947,401964143
1557807996,4,62680,402026823
1557807996,5,53802,402080625
1557807996,6,98189,402178814
1557807996,7,91447,402270261
1557807996,8,72892,402343153
1557807996,9,2861,402346014
1557808296,0,75869,402421883
1557808296,1,61198,402483081
1557808296,2,71298,402554379
1557808296,3,88184,402642563
1557808296,4,10545,402653108
1557808296,5,85729,402738837
1557808296,6,92462,402831299
1557808296,7,98954,402930253
1557808296,8,67733,402997986
1557808296,9,34496,403032482
1557808596,0,3084,403035566
1557808596,1,68991,403104557
1557808596,2,11966,403116523
1557808596,3,60436,403176959
1557808596,4,67227,403244186
1557808596,5,12893,403257079
1557808596,6,4185,403261264
1557808596,7,80588,403341852
1557808596,8,28235,403370087
1557808596,9,44548,403414635
1557808896,0,68271,403482906
1557808896,1,20254,403503160
1557808896,2,88025,403591185
1557808896,3,1364,403592549
1557808896,4,80373,403672922
1557808896,5,50474,403723396
1557808896,6,44944,403768340
1557808896,7,42128,403810468
1557808896,8,70346,403880814
1557808896,9,13545,403894359
1557809196,0,81359,403975718
1557809196,1,3909,403979627
1557809196,2,85918,404065545
1557809196,3,67519,404133064
1557809196,4,52345,404185409
1557809196,5,1863,404187272
1557809196,6,38827,404226099
1557809196,7,234,404226333
1557809196,8,98869,404325202
1557809196,9,44482,404369684
1557809496,0,93645,404463329
1557809496,1,79364,404542693
1557809496,2,81973,404624666
1557809496,3,62347,404687013
1557809496,4,48342,404735355
1557809496,5,94591,404829946
1557809496,6,51271,404881217
1557809496,7,15825,404897042
1557809496,8,54292,404951334
1557809496,9,28414,404979748
1557809796,0,55189,405034937
1557809796,1,12286,405047223
1557809796,2,25864,405073087
1557809796,3,3742,405076829
1557809796,4,29273,405106102
1557809796,5,73405,405179507
1557809796,6,8902,405188409
1557809796,7,50736,405239145
1557809796,8,58263,405297408
1557809796,9,68151,405365559
1557810096,0,11201,405376760
1557810096,1,33652,405410412
1557810096,2,93928,405504340
1557810096,3,83855,405588195
1557810096,4,40061,405628256
1557810096,5,19,405628275
1557810096,6,55910,405684185
1557810096,7,77889,405762074
1557810096,8,79705,405841779
1557810096,9,55097,405896876
1557810396,0,14396,405911272
1557810396,1,98988,406010260
1557810396,2,28113,406038373
1557810396,3,85841,406124214
1557810396,4,12789,406137003
1557810396,5,47460,406184463
1557810396,6,13661,406198124
1557810396,7,92159,406290283
1557810396,8,92632,406382915
1557810396,9,32071,406414986
1557810696,0,32407,406447393
1557810696,1,26441,406473834
1557810696,2,81691,406555525
1557810696,3,83658,406639183
1557810696,4,53493,406692676
1557810696,5,36466,406729142
1557810696,6,3689,406732831
1557810696,7,66787,406799618
1557810696,8,21902,406821520
1557810696,9,36237,406857757
1557810996,0,6661,406864418
1557810996,1,23855,406888273
1557810996,2,76702,406964975
1557810996,3,51649,407016624
1557810996,4,4557,407021181
1557810996,5,73345,407094526
1557810996,6,5547,407100073
1557810996,7,8598,407108671
1557810996,8,36341,407145012
1557810996,9,71870,407216882
1557811296,0,47448,407264330
1557811296,1,60675,407325005
1557811296,2,27156,407352161
1557811296,3,59696,407411857
1557811296,4,328,407412185
1557811296,5,52961,407465146
1557811296,6,95523,407560669
1557811296,7,84724,407645393
1557811296,8,79610,407725003
1557811296,9,68591,407793594
1557811596,0,49566,407843160
1557811596,1,78354,407921514
1557811596,2,43194,407964708
1557811596,3,35570,408000278
1557811596,4,46696,408046974
1557811596,5,9981,408056955
1557811596,6,70485,408127440
1557811596,7,4867,408132307
1557811596,8,30570,408162877
1557811596,9,82844,408245721
1557811896,0,25425,408271146
1557811896,1,6897,408278043
1557811896,2,90366,408368409
1557811896,3,55319,408423728
1557811896,4,11167,408434895
1557811896,5,22334,408457229
1557811896,6,43245,408500474
1557811896,7,67077,408567551
1557811896,8,81147,408648698
1557811896,9,94671,408743369
1557812196,0,78101,408821470
1557812196,1,26108,408847578
1557812196,2,38113,408885691
1557812196,3,65440,408951131
1557812196,4,8059,408959190
1557812196,5,49562,409008752
1557812196,6,5804,409014556
1557812196,7,77753,409092309
1557812196,8,22164,409114473
1557812196,9,27328,409141801
1557812496,0,29770,409171571
1557812496,1,90260,409261831
1557812496,2,88983,409350814
1557812496,3,95578,409446392
1557812496,4,93687,409540079
1557812496,5,93009,409633088
1557812496,6,27930,409661018
1557812496,7,14823,409675841
1557812496,8,62644,409738485
1557812496,9,67238,409805723
1557812796,0,49271,409854994
1557812796,1,32520,409887514
1557812796,2,73309,409960823
1557812796,3,46687,410007510
1557812796,4,47123,410054633
1557812796,5,44255,410098888
1557812796,6,94315,410193203
1557812796,7,37114,410230317
1557812796,8,96077,410326394
1557812796,9,97062,410423456
1557813096,0,66575,410490031
1557813096,1,63862,410553893
1557813096,2,3596,410557489
1557813096,3,20228,410577717
1557813096,4,77993,410655710
1557813096,5,15033,410670743
1557813096,6,64520,410735263
1557813096,7,14453,410749716
1557813096,8,15763,410765479
1557813096,9,9264,410774743
1557813396,0,67322,410842065
1557813396,1,93023,410935088
1557813396,2,85746,411020834
1557813396,3,11930,411032764
1557813396,4,56173,411088937
1557813396,5,74837,411163774
1557813396,6,95139,411258913
1557813396,7,6661,411265574
1557813396,8,62013,411327587
1557813396,9,7684,411335271
1557813696,0,1274,411336545
1557813696,1,77808,411414353
1557813696,2,92709,411507062
1557813696,3,19953,411527015
1557813696,4,60281,411587296
1557813696,5,62290,411649586
1557813696,6,26114,411675700
1557813696,7,40763,411716463
1557813696,8,82662,411799125
1557813696,9,19065,411818190
1557813996,0,81104,411899294
1557813996,1,44440,411943734
1557813996,2,35310,411979044
1557813996,3,85127,412064171
1557813996,4,7556,412071727
1557813996,5,98466,412170193
1557813996,6,888,412171081
1557813996,7,48742,412219823
1557813996,8,30472,412250295
1557813996,9,89106,412339401
1557814296,0,37243,412376644
1557814296,1,5838,412382482
1557814296,2,19922,412402404
1557814296,3,89221,412491625
1557814296,4,96429,412588054
1557814296,5,17345,412605399
1557814296,6,82095,412687494
1557814296,7,27825,412715319
1557814296,8,25026,412740345
1557814296,9,87478,412827823
1557814596,0,57387,412885210
1557814596,1,69773,412954983
1557814596,2,9421,412964404
1557814596,3,57914,413022318
1557814596,4,45384,413067702
1557814596,5,58233,413125935
1557814596,6,24673,413150608
1557814596,7,29406,413180014
1557814596,8,62743,413242757
1557814596,9,5822,413248579
1557814896,0,53885,413302464
1557814896,1,423,413302887
1557814896,2,23654,413326541
1557814896,3,66295,413392836
1557814896,4,69814,413462650
1557814896,5,63083,413525733
1557814896,6,24612,413550345
1557814896,7,98876,413649221
1557814896,8,8445,413657666
1557814896,9,47508,413705174
1557815196,0,25508,413730682
1557815196,1,96361,413827043
1557815196,2,32266,413859309
1557815196,3,33447,413892756
1557815196,4,33888,413926644
1557815196,5,9974,413936618
1557815196,6,64872,414001490
1557815196,7,93185,414094675
1557815196,8,20336,414115011
1557815196,9,27288,414142299
1557815496,0,22141,414164440
1557815496,1,11724,414176164
1557815496,2,32065,414208229
1557815496,3,82891,414291120
1557815496,4,54885,414346005
1557815496,5,44624,414390629
1557815496,6,7130,414397759
1557815496,7,26189,414423948
1557815496,8,28208,414452156
1557815496,9,74664,414526820
1557815796,0,76785,414603605
1557815796,1,32222,414635827
1557815796,2,68571,414704398
1557815796,3,47170,414751568
1557815796,4,24503,414776071
1557815796,5,97444,414873515
1557815796,6,88917,414962432
1557815796,7,31967,414994399
1557815796,8,97394,415091793
1557815796,9,22799,415114592
1557816096,0,46733,415161325
1557816096,1,73745,415235070
1557816096,2,87456,415322526
1557816096,3,4869,415327395
1557816096,4,9494,415336889
1557816096,5,54306,415391195
1557816096,6,78950,415470145
1557816096,7,79834,415549979
1557816096,8,62193,415612172
1557816096,9,361,415612533
1557816396,0,92442,415704975
1557816396,1,40563,415745538
1557816396,2,26312,415771850
1557816396,3,58064,415829914
1557816396,4,84117,415914031
1557816396,5,18622,415932653
1557816396,6,76141,416008794
1557816396,7,82836,416091630
1557816396,8,36584,416128214
1557816396,9,15530,416143744
1557816696,0,16206,416159950
1557816696,1,61786,416221736
1557816696,2,49549,416271285
1557816696,3,63946,416335231
1557816696,4,38997,416374228
1557816696,5,36744,416410972
1557816696,6,59201,416470173
1557816696,7,70587,416540760
1557816696,8,95996,416636756
1557816696,9,97190,416733946
1557816996,0,42409,416776355
1557816996,1,91197,416867552
1557816996,2,35457,416903009
1557816996,3,47026,416950035
1557816996,4,1451,416951486
1557816996,5,29806,416981292
1557816996,6,91305,417072597
1557816996,7,61984,417134581
1557816996,8,75260,417209841
1557816996,9,58520,417268361
1557817296,0,74305,417342666
1557817296,1,51211,417393877
1557817296,2,71545,417465422
1557817296,3,82186,417547608
1557817296,4,73435,417621043
1557817296,5,52750,417673793
1557817296,6,88898,417762691
1557817296,7,97321,417860012
1557817296,8,82666,417942678
1557817296,9,53091,417995769
1557817596,0,46898,418042667
1557817596,1,403,418043070
1557817596,2,76924,418119994
1557817596,3,26156,418146150
1557817596,4,72905,418219055
1557817596,5,48497,418267552
1557817596,6,65219,418332771
1557817596,7,63384,418396155
1557817596,8,40073,418436228
1557817596,9,818,418437046
1557817896,0,56127,418493173
1557817896,1,20814,418513987
1557817896,2,60064,418574051
1557817896,3,26688,418600739
1557817896,4,69493,418670232
1557817896,5,94777,418765009
1557817896,6,40849,418805858
1557817896,7,31611,418837469
1557817896,8,76831,418914300
1557817896,9,97884,419012184
1557818196,0,53919,419066103
1557818196,1,92812,419158915
1557818196,2,31005,419189920
1557818196,3,21466,419211386
1557818196,4,56553,419267939
1557818196,5,16670,419284609
1557818196,6,97767,419382376
1557818196,7,56746,419439122
1557818196,8,94762,419533884
1557818196,9,94571,419628455
1557818496,0,4994,419633449
1557818496,1,12965,419646414
1557818496,2,82029,419728443
1557818496,3,25021,419753464
1557818496,4,71425,419824889
1557818496,5,18487,419843376
1557818496,6,67959,419911335
1557818496,7,18942,419930277
1557818496,8,1617,419931894
1557818496,9,71575,420003469
1557818796,0,69566,420073035
1557818796,1,43291,420116326
1557818796,2,54820,420171146
1557818796,3,45851,420216997
1557818796,4,34125,420251122
1557818796,5,35648,420286770
1557818796,6,24661,420311431
1557818796,7,82458,420393889
1557818796,8,40781,420434670
1557818796,9,40983,420475653
1557819096,0,80700,420556353
1557819096,1,67829,420624182
1557819096,2,92464,420716646
1557819096,3,67576,420784222
1557819096,4,52068,420836290
1557819096,5,90663,420926953
1557819096,6,44378,420971331
1557819096,7,81452,421052783
1557819096,8,94201,421146984
1557819096,9,83739,421230723
1557819396,0,90725,421321448
1557819396,1,33363,421354811
1557819396,2,50679,421405490
1557819396,3,37584,421443074
1557819396,4,79912,421522986
1557819396,5,9270,421532256
1557819396,6,56712,421588968
1557819396,7,36801,421625769
1557819396,8,12402,421638171
1557819396,9,74832,421713003
1557819696,0,26029,421739032
1557819696,1,25882,421764914
1557819696,2,39401,421804315
1557819696,3,36835,421841150
1557819696,4,42334,421883484
1557819696,5,55788,421939272
1557819696,6,37695,421976967
1557819696,7,75161,422052128
1557819696,8,44798,422096926
1557819696,9,32839,422129765
1557819996,0,4337,422134102
1557819996,1,76772,422210874
1557819996,2,39503,422250377
1557819996,3,4546,422254923
1557819996,4,92797,422347720
1557819996,5,19850,422367570
1557819996,6,509,422368079
1557819996,7,43419,422411498
1557819996,8,47470,422458968
1557819996,9,72883,422531851
1557820296,0,88654,422620505
1557820296,1,26475,422646980
1557820296,2,23397,422670377
1557820296,3,35800,422706177
1557820296,4,66238,422772415
1557820296,5,72373,422844788
1557820296,6,80296,422925084
1557820296,7,17784,422942868
1557820296,8,94579,423037447
1557820296,9,61475,423098922
1557820596,0,87659,423186581
1557820596,1,68043,423254624
1557820596,2,78279,423332903
1557820596,3,73381,423406284
1557820596,4,54604,423460888
1557820596,5,95313,423556201
1557820596,6,46963,423603164
1557820596,7,92831,423695995
1557820596,8,5094,423701089
1557820596,9,24380,423725469
1557820896,0,71200,423796669
1557820896,1,2273,423798942
1557820896,2,30919,423829861
1557820896,3,83120,423912981
1557820896,4,24976,423937957
1557820896,5,48730,423986687
1557820896,6,13382,424000069
1557820896,7,21858,424021927
1557820896,8,35157,424057084
1557820896,9,74464,424131548
1557821196,0,89314,424220862
1557821196,1,42762,424263624
1557821196,2,29778,424293402
1557821196,3,30671,424324073
1557821196,4,26044,424350117
1557821196,5,24347,424374464
1557821196,6,16583,424391047
1557821196,7,10657,424401704
1557821196,8,85878,424487582
1557821196,9,54275,424541857
1557821496,0,92596,424634453
1557821496,1,69798,424704251
1557821496,2,97552,424801803
1557821496,3,30294,424832097
1557821496,4,34337,424866434
1557821496,5,6143,424872577
1557821496,6,54063,424926640
1557821496,7,95596,425022236
1557821496,8,98938,425121174
1557821496,9,35366,425156540
1557821796,0,44217,425200757
1557821796,1,50207,425250964
1557821796,2,87135,425338099
1557821796,3,41358,425379457
1557821796,4,73768,425453225
1557821796,5,66798,425520023
1557821796,6,52109,425572132
1557821796,7,90082,425662214
1557821796,8,88463,425750677
1557821796,9,68670,425819347
1557822096,0,86283,425905630
1557822096,1,91518,425997148
1557822096,2,298,425997446
1557822096,3,61481,426058927
1557822096,4,93542,426152469
1557822096,5,72790,426225259
1557822096,6,25530,426250789
1557822096,7,94063,426344852
1557822096,8,95615,426440467
1557822096,9,36538,426477005
1557822396,0,9035,426486040
1557822396,1,8577,426494617
1557822396,2,35653,426530270
1557822396,3,98653,426628923
1557822396,4,39721,426668644
1557822396,5,32826,426701470
1557822396,6,31839,426733309
1557822396,7,3371,426736680
1557822396,8,51660,426788340
1557822396,9,88643,426876983
1557822696,0,31869,426908852
1557822696,1,53627,426962479
1557822696,2,56743,427019222
1557822696,3,5159,427024381
1557822696,4,2461,427026842
1557822696,5,40891,427067733
1557822696,6,80440,427148173
1557822696,7,1474,427149647
1557822696,8,54045,427203692
1557822696,9,13023,427216715
1557822996,0,69380,427286095
1557822996,1,97144,427383239
1557822996,2,25409,427408648
1557822996,3,17104,427425752
1557822996,4,88426,427514178
1557822996,5,93944,427608122
1557822996,6,97777,427705899
1557822996,7,91366,427797265
1557822996,8,23032,427820297
1557822996,9,62948,427883245
1557823296,0,30556,427913801
1557823296,1,6434,427920235
1557823296,2,35937,427956172
1557823296,3,75638,428031810
1557823296,4,12605,428044415
1557823296,5,46136,428090551
1557823296,6,52922,428143473
1557823296,7,12975,428156448
1557823296,8,57447,428213895
1557823296,9,48889,428262784
1557823596,0,49728,428312512
1557823596,1,78215,428390727
1557823596,2,2590,428393317
1557823596,3,41842,428435159
1557823596,4,53874,428489033
1557823596,5,62743,428551776
1557823596,6,11125,428562901
1557823596,7,80543,428643444
1557823596,8,92415,428735859
1557823596,9,35902,428771761
1557823896,0,47316,428819077
1557823896,1,3575,428822652
1557823896,2,17753,428840405
1557823896,3,46735,428887140
1557823896,4,66910,428954050
1557823896,5,2640,428956690
1557823896,6,77422,429034112
1557823896,7,93201,429127313
1557823896,8,38990,429166303
1557823896,9,68271,429234574
1557824196,0,3431,429238005
1557824196,1,86438,429324443
1557824196,2,42768,429367211
1557824196,3,10933,429378144
1557824196,4,80902,429459046
1557824196,5,44447,429503493
1557824196,6,36725,429540218
1557824196,7,94798,429635016
1557824196,8,79911,429714927
1557824196,9,74543,429789470
1557824496,0,86918,429876388
1557824496,1,75133,429951521
1557824496,2,69668,430021189
1557824496,3,54821,430076010
1557824496,4,23668,430099678
1557824496,5,35746,430135424
1557824496,6,53588,430189012
1557824496,7,36490,430225502
1557824496,8,96910,430322412
1557824496,9,15403,430337815
1557824796,0,92825,430430640
1557824796,1,36318,430466958
1557824796,2,40598,430507556
1557824796,3,82984,430590540
1557824796,4,7129,430597669
1557824796,5,9255,430606924
1557824796,6,9253,430616177
1557824796,7,66276,430682453
1557824796,8,51886,430734339
1557824796,9,99884,430834223
1557825096,0,75272,430909495
1557825096,1,62029,430971524
1557825096,2,19667,430991191
1557825096,3,55864,431047055
1557825096,4,30530,431077585
1557825096,5,29941,431107526
1557825096,6,24725,431132251
1557825096,7,64068,431196319
1557825096,8,22372,431218691
1557825096,9,73273,431291964
1557825396,0,80422,431372386
1557825396,1,54363,431426749
1557825396,2,87634,431514383
1557825396,3,80801,431595184
1557825396,4,49545,431644729
1557825396,5,72517,431717246
1557825396,6,18905,431736151
1557825396,7,68334,431804485
1557825396,8,74244,431878729
1557825396,9,703,431879432
